x-axis,1,2
second,Volt,Volt
-10.00000E-03,-2.50000E-03,+129.30301E-03
-9.99000E-03,-4.51005E-03,+115.23266E-03
-9.98000E-03,-2.50000E-03,+97.14221E-03
-9.97000E-03,-4.25879E-03,+97.14221E-03
-9.96000E-03,-6.26884E-03,+97.14221E-03
-9.95000E-03,-489.95E-06,+97.14221E-03
-9.94000E-03,+1.26884E-03,+105.18241E-03
-9.93000E-03,-2.50000E-03,+105.18241E-03
-9.92000E-03,+1.52010E-03,+108.95126E-03
-9.91000E-03,+1.52010E-03,+107.19246E-03
-9.90000E-03,-6.26884E-03,+116.99146E-03
-9.89000E-03,-2.50000E-03,+100.91105E-03
-9.88000E-03,-6.26884E-03,+109.20251E-03
-9.87000E-03,-2.50000E-03,+123.02161E-03
-9.86000E-03,-6.26884E-03,+109.20251E-03
-9.85000E-03,-6.52010E-03,+93.12211E-03
-9.84000E-03,-6.26884E-03,+97.14221E-03
-9.83000E-03,-2.50000E-03,+109.20251E-03
-9.82000E-03,-2.50000E-03,+105.18241E-03
-9.81000E-03,-2.50000E-03,+93.12211E-03
-9.80000E-03,-2.50000E-03,+93.12211E-03
-9.79000E-03,-2.50000E-03,+97.14221E-03
-9.78000E-03,-2.50000E-03,+108.95126E-03
-9.77000E-03,+1.52010E-03,+99.15226E-03
-9.76000E-03,+1.26884E-03,+101.16231E-03
-9.75000E-03,-6.52010E-03,+101.16231E-03
-9.74000E-03,-2.50000E-03,+93.12211E-03
-9.73000E-03,-741.21E-06,+99.15226E-03
-9.72000E-03,-6.26884E-03,+85.08191E-03
-9.71000E-03,-6.52010E-03,+93.12211E-03
-9.70000E-03,-2.50000E-03,+97.14221E-03
-9.69000E-03,-8.27889E-03,+98.90100E-03
-9.68000E-03,+1.26884E-03,+101.16231E-03
-9.67000E-03,-489.95E-06,+98.90100E-03
-9.66000E-03,-2.50000E-03,+101.16231E-03
-9.65000E-03,-2.50000E-03,+97.14221E-03
-9.64000E-03,+1.52010E-03,+93.12211E-03
-9.63000E-03,-489.95E-06,+99.15226E-03
-9.62000E-03,-2.50000E-03,+85.08191E-03
-9.61000E-03,-741.21E-06,+103.17236E-03
-9.60000E-03,-2.50000E-03,+97.14221E-03
-9.59000E-03,-489.95E-06,+109.20251E-03
-9.58000E-03,-2.50000E-03,+100.91105E-03
-9.57000E-03,-2.50000E-03,+97.14221E-03
-9.56000E-03,+1.26884E-03,+105.18241E-03
-9.55000E-03,-741.21E-06,+103.17236E-03
-9.54000E-03,-2.50000E-03,+97.14221E-03
-9.53000E-03,-4.25879E-03,+107.19246E-03
-9.52000E-03,-2.50000E-03,+93.12211E-03
-9.51000E-03,-4.51005E-03,+101.16231E-03
-9.50000E-03,+1.26884E-03,+97.14221E-03
-9.49000E-03,-741.21E-06,+87.09196E-03
-9.48000E-03,+1.26884E-03,+88.85075E-03
-9.47000E-03,-489.95E-06,+100.91105E-03
-9.46000E-03,-2.50000E-03,+113.22261E-03
-9.45000E-03,-6.52010E-03,+99.15226E-03
-9.44000E-03,-2.50000E-03,+85.08191E-03
-9.43000E-03,-6.52010E-03,+85.08191E-03
-9.42000E-03,-6.52010E-03,+85.08191E-03
-9.41000E-03,-4.25879E-03,+99.15226E-03
-9.40000E-03,-2.50000E-03,+112.97136E-03
-9.39000E-03,-489.95E-06,+105.18241E-03
-9.38000E-03,-2.50000E-03,+93.12211E-03
-9.37000E-03,-4.51005E-03,+109.20251E-03
-9.36000E-03,-6.52010E-03,+109.20251E-03
-9.35000E-03,-2.50000E-03,+111.21256E-03
-9.34000E-03,-2.50000E-03,+105.18241E-03
-9.33000E-03,-4.25879E-03,+101.16231E-03
-9.32000E-03,-2.50000E-03,+93.12211E-03
-9.31000E-03,-4.51005E-03,+101.16231E-03
-9.30000E-03,-2.50000E-03,+88.85075E-03
-9.29000E-03,-4.25879E-03,+105.18241E-03
-9.28000E-03,-2.50000E-03,+104.93115E-03
-9.27000E-03,-2.50000E-03,+113.22261E-03
-9.26000E-03,-2.50000E-03,+97.14221E-03
-9.25000E-03,+1.52010E-03,+90.86080E-03
-9.24000E-03,-2.50000E-03,+85.08191E-03
-9.23000E-03,+1.52010E-03,+98.90100E-03
-9.22000E-03,-6.26884E-03,+97.14221E-03
-9.21000E-03,-6.52010E-03,+94.88090E-03
-9.20000E-03,-2.50000E-03,+100.91105E-03
-9.19000E-03,-2.50000E-03,+103.17236E-03
-9.18000E-03,-2.50000E-03,+112.97136E-03
-9.17000E-03,-2.50000E-03,+99.15226E-03
-9.16000E-03,+1.52010E-03,+92.87085E-03
-9.15000E-03,+1.52010E-03,+104.93115E-03
-9.14000E-03,+1.52010E-03,+109.20251E-03
-9.13000E-03,-2.50000E-03,+99.15226E-03
-9.12000E-03,-2.50000E-03,+96.89095E-03
-9.11000E-03,-2.50000E-03,+87.09196E-03
-9.10000E-03,+5.28894E-03,+89.10201E-03
-9.09000E-03,-741.21E-06,+109.20251E-03
-9.08000E-03,+1.26884E-03,+121.01156E-03
-9.07000E-03,-2.50000E-03,+102.92110E-03
-9.06000E-03,-2.50000E-03,+100.91105E-03
-9.05000E-03,-2.50000E-03,+94.88090E-03
-9.04000E-03,-2.50000E-03,+89.10201E-03
-9.03000E-03,-4.51005E-03,+103.17236E-03
-9.02000E-03,-2.50000E-03,+97.14221E-03
-9.01000E-03,-2.50000E-03,+81.06181E-03
-9.00000E-03,-2.50000E-03,+97.14221E-03
-8.99000E-03,-6.52010E-03,+111.21256E-03
-8.98000E-03,-6.52010E-03,+97.14221E-03
-8.97000E-03,-2.50000E-03,+95.13216E-03
-8.96000E-03,-2.50000E-03,+93.12211E-03
-8.95000E-03,-489.95E-06,+85.08191E-03
-8.94000E-03,-2.50000E-03,+101.16231E-03
-8.93000E-03,-2.50000E-03,+109.20251E-03
-8.92000E-03,-2.50000E-03,+93.12211E-03
-8.91000E-03,-6.52010E-03,+94.88090E-03
-8.90000E-03,-6.52010E-03,+97.14221E-03
-8.89000E-03,-4.25879E-03,+95.13216E-03
-8.88000E-03,-2.50000E-03,+97.14221E-03
-8.87000E-03,-2.50000E-03,+110.96131E-03
-8.86000E-03,-2.50000E-03,+108.95126E-03
-8.85000E-03,-8.53015E-03,+101.16231E-03
-8.84000E-03,-2.50000E-03,+97.14221E-03
-8.83000E-03,-2.50000E-03,+101.16231E-03
-8.82000E-03,-6.26884E-03,+101.16231E-03
-8.81000E-03,-489.95E-06,+107.19246E-03
-8.80000E-03,-2.50000E-03,+97.14221E-03
-8.79000E-03,-2.50000E-03,+95.13216E-03
-8.78000E-03,-6.26884E-03,+93.12211E-03
-8.77000E-03,-4.25879E-03,+113.22261E-03
-8.76000E-03,-6.52010E-03,+100.91105E-03
-8.75000E-03,-6.52010E-03,+91.11206E-03
-8.74000E-03,-6.26884E-03,+89.10201E-03
-8.73000E-03,-2.50000E-03,+93.12211E-03
-8.72000E-03,+1.52010E-03,+93.12211E-03
-8.71000E-03,-741.21E-06,+94.88090E-03
-8.70000E-03,-6.26884E-03,+100.91105E-03
-8.69000E-03,-4.25879E-03,+93.12211E-03
-8.68000E-03,-6.52010E-03,+100.91105E-03
-8.67000E-03,-489.95E-06,+102.92110E-03
-8.66000E-03,-2.50000E-03,+108.95126E-03
-8.65000E-03,-4.51005E-03,+109.20251E-03
-8.64000E-03,-2.50000E-03,+93.12211E-03
-8.63000E-03,+1.52010E-03,+101.16231E-03
-8.62000E-03,-2.50000E-03,+101.16231E-03
-8.61000E-03,-2.50000E-03,+111.21256E-03
-8.60000E-03,-2.50000E-03,+97.14221E-03
-8.59000E-03,-2.50000E-03,+93.12211E-03
-8.58000E-03,-2.50000E-03,+89.10201E-03
-8.57000E-03,-4.25879E-03,+105.18241E-03
-8.56000E-03,-10.54020E-03,+105.18241E-03
-8.55000E-03,-2.50000E-03,+116.99146E-03
-8.54000E-03,-6.26884E-03,+97.14221E-03
-8.53000E-03,-4.51005E-03,+95.13216E-03
-8.52000E-03,-2.50000E-03,+97.14221E-03
-8.51000E-03,-2.50000E-03,+102.92110E-03
-8.50000E-03,-6.26884E-03,+101.16231E-03
-8.49000E-03,-2.50000E-03,+107.19246E-03
-8.48000E-03,-6.52010E-03,+105.18241E-03
-8.47000E-03,-489.95E-06,+87.09196E-03
-8.46000E-03,-10.28894E-03,+93.12211E-03
-8.45000E-03,-4.51005E-03,+95.13216E-03
-8.44000E-03,-6.52010E-03,+84.83065E-03
-8.43000E-03,-2.50000E-03,+81.06181E-03
-8.42000E-03,-2.50000E-03,+96.89095E-03
-8.41000E-03,-489.95E-06,+94.88090E-03
-8.40000E-03,-2.50000E-03,+97.14221E-03
-8.39000E-03,-4.25879E-03,+85.08191E-03
-8.38000E-03,-2.50000E-03,+101.16231E-03
-8.37000E-03,-2.50000E-03,+114.98141E-03
-8.36000E-03,-2.50000E-03,+121.26281E-03
-8.35000E-03,-2.50000E-03,+113.22261E-03
-8.34000E-03,-2.50000E-03,+104.93115E-03
-8.33000E-03,-2.50000E-03,+101.16231E-03
-8.32000E-03,-2.50000E-03,+97.14221E-03
-8.31000E-03,-6.26884E-03,+91.11206E-03
-8.30000E-03,+1.26884E-03,+108.95126E-03
-8.29000E-03,-2.50000E-03,+105.18241E-03
-8.28000E-03,-2.50000E-03,+97.14221E-03
-8.27000E-03,-2.50000E-03,+95.13216E-03
-8.26000E-03,+1.26884E-03,+100.91105E-03
-8.25000E-03,-8.53015E-03,+102.92110E-03
-8.24000E-03,-2.50000E-03,+97.14221E-03
-8.23000E-03,-489.95E-06,+101.16231E-03
-8.22000E-03,-6.52010E-03,+117.24271E-03
-8.21000E-03,-2.50000E-03,+119.25276E-03
-8.20000E-03,-2.50000E-03,+100.91105E-03
-8.19000E-03,-2.50000E-03,+89.10201E-03
-8.18000E-03,+5.54020E-03,+89.10201E-03
-8.17000E-03,-2.50000E-03,+102.92110E-03
-8.16000E-03,-2.50000E-03,+93.12211E-03
-8.15000E-03,-741.21E-06,+105.18241E-03
-8.14000E-03,+1.52010E-03,+109.20251E-03
-8.13000E-03,-489.95E-06,+107.19246E-03
-8.12000E-03,-2.50000E-03,+101.16231E-03
-8.11000E-03,-2.50000E-03,+90.86080E-03
-8.10000E-03,+1.52010E-03,+96.89095E-03
-8.09000E-03,-489.95E-06,+110.96131E-03
-8.08000E-03,+1.52010E-03,+105.18241E-03
-8.07000E-03,-8.27889E-03,+98.90100E-03
-8.06000E-03,-6.52010E-03,+97.14221E-03
-8.05000E-03,-6.52010E-03,+103.17236E-03
-8.04000E-03,-6.26884E-03,+105.18241E-03
-8.03000E-03,-6.52010E-03,+97.14221E-03
-8.02000E-03,+1.26884E-03,+89.10201E-03
-8.01000E-03,-2.50000E-03,+99.15226E-03
-8.00000E-03,-2.50000E-03,+100.91105E-03
-7.99000E-03,-6.52010E-03,+95.13216E-03
-7.98000E-03,-2.50000E-03,+88.85075E-03
-7.97000E-03,-4.51005E-03,+98.90100E-03
-7.96000E-03,-10.28894E-03,+92.87085E-03
-7.95000E-03,-741.21E-06,+106.94121E-03
-7.94000E-03,-2.50000E-03,+112.97136E-03
-7.93000E-03,-741.21E-06,+107.19246E-03
-7.92000E-03,-6.26884E-03,+93.12211E-03
-7.91000E-03,-4.25879E-03,+98.90100E-03
-7.90000E-03,+1.26884E-03,+112.97136E-03
-7.89000E-03,-2.50000E-03,+109.20251E-03
-7.88000E-03,-2.50000E-03,+100.91105E-03
-7.87000E-03,-6.52010E-03,+116.99146E-03
-7.86000E-03,-6.52010E-03,+117.24271E-03
-7.85000E-03,-4.25879E-03,+94.88090E-03
-7.84000E-03,-2.50000E-03,+97.14221E-03
-7.83000E-03,-2.50000E-03,+97.14221E-03
-7.82000E-03,+1.26884E-03,+104.93115E-03
-7.81000E-03,+3.27889E-03,+93.12211E-03
-7.80000E-03,-2.50000E-03,+108.95126E-03
-7.79000E-03,-489.95E-06,+105.18241E-03
-7.78000E-03,-2.50000E-03,+100.91105E-03
-7.77000E-03,+1.52010E-03,+97.14221E-03
-7.76000E-03,+1.26884E-03,+93.12211E-03
-7.75000E-03,-2.50000E-03,+94.88090E-03
-7.74000E-03,-6.52010E-03,+96.89095E-03
-7.73000E-03,-4.51005E-03,+86.84070E-03
-7.72000E-03,-6.26884E-03,+93.12211E-03
-7.71000E-03,-2.50000E-03,+106.94121E-03
-7.70000E-03,-6.52010E-03,+97.14221E-03
-7.69000E-03,-4.51005E-03,+109.20251E-03
-7.68000E-03,-2.50000E-03,+101.16231E-03
-7.67000E-03,-741.21E-06,+94.88090E-03
-7.66000E-03,-2.50000E-03,+97.14221E-03
-7.65000E-03,-2.50000E-03,+109.20251E-03
-7.64000E-03,-6.52010E-03,+97.14221E-03
-7.63000E-03,-2.50000E-03,+97.14221E-03
-7.62000E-03,-2.50000E-03,+100.91105E-03
-7.61000E-03,-489.95E-06,+105.18241E-03
-7.60000E-03,-2.50000E-03,+93.12211E-03
-7.59000E-03,-4.51005E-03,+109.20251E-03
-7.58000E-03,+1.26884E-03,+105.18241E-03
-7.57000E-03,-2.50000E-03,+93.12211E-03
-7.56000E-03,-2.50000E-03,+112.97136E-03
-7.55000E-03,-741.21E-06,+101.16231E-03
-7.54000E-03,-2.50000E-03,+93.12211E-03
-7.53000E-03,-6.52010E-03,+94.88090E-03
-7.52000E-03,-2.50000E-03,+101.16231E-03
-7.51000E-03,-2.50000E-03,+105.18241E-03
-7.50000E-03,-2.50000E-03,+101.16231E-03
-7.49000E-03,-2.50000E-03,+103.17236E-03
-7.48000E-03,+1.26884E-03,+93.12211E-03
-7.47000E-03,-4.25879E-03,+109.20251E-03
-7.46000E-03,-2.50000E-03,+105.18241E-03
-7.45000E-03,-2.50000E-03,+97.14221E-03
-7.44000E-03,-6.52010E-03,+92.87085E-03
-7.43000E-03,-2.50000E-03,+109.20251E-03
-7.42000E-03,+1.52010E-03,+93.12211E-03
-7.41000E-03,-2.50000E-03,+97.14221E-03
-7.40000E-03,-6.52010E-03,+97.14221E-03
-7.39000E-03,-6.52010E-03,+113.22261E-03
-7.38000E-03,-6.26884E-03,+112.97136E-03
-7.37000E-03,-6.52010E-03,+97.14221E-03
-7.36000E-03,-2.50000E-03,+85.08191E-03
-7.35000E-03,-2.50000E-03,+90.86080E-03
-7.34000E-03,-6.52010E-03,+101.16231E-03
-7.33000E-03,-4.51005E-03,+102.92110E-03
-7.32000E-03,-2.50000E-03,+93.12211E-03
-7.31000E-03,+1.52010E-03,+93.12211E-03
-7.30000E-03,-2.50000E-03,+85.08191E-03
-7.29000E-03,-2.50000E-03,+93.12211E-03
-7.28000E-03,+1.26884E-03,+97.14221E-03
-7.27000E-03,+1.52010E-03,+113.22261E-03
-7.26000E-03,-2.50000E-03,+117.24271E-03
-7.25000E-03,-2.50000E-03,+111.21256E-03
-7.24000E-03,-2.50000E-03,+96.89095E-03
-7.23000E-03,-2.50000E-03,+97.14221E-03
-7.22000E-03,-2.50000E-03,+100.91105E-03
-7.21000E-03,-2.50000E-03,+109.20251E-03
-7.20000E-03,-2.50000E-03,+97.14221E-03
-7.19000E-03,-741.21E-06,+95.13216E-03
-7.18000E-03,+1.52010E-03,+89.10201E-03
-7.17000E-03,-6.52010E-03,+81.06181E-03
-7.16000E-03,-2.50000E-03,+92.87085E-03
-7.15000E-03,-2.50000E-03,+98.90100E-03
-7.14000E-03,+1.26884E-03,+93.12211E-03
-7.13000E-03,-489.95E-06,+98.90100E-03
-7.12000E-03,-2.50000E-03,+101.16231E-03
-7.11000E-03,-4.25879E-03,+85.08191E-03
-7.10000E-03,-2.50000E-03,+97.14221E-03
-7.09000E-03,-2.50000E-03,+97.14221E-03
-7.08000E-03,-6.26884E-03,+97.14221E-03
-7.07000E-03,-489.95E-06,+111.21256E-03
-7.06000E-03,-2.50000E-03,+109.20251E-03
-7.05000E-03,-6.52010E-03,+106.94121E-03
-7.04000E-03,-6.26884E-03,+113.22261E-03
-7.03000E-03,-6.52010E-03,+93.12211E-03
-7.02000E-03,-2.50000E-03,+92.87085E-03
-7.01000E-03,-2.50000E-03,+95.13216E-03
-7.00000E-03,-2.50000E-03,+97.14221E-03
-6.99000E-03,-741.21E-06,+106.94121E-03
-6.98000E-03,-6.26884E-03,+97.14221E-03
-6.97000E-03,-2.50000E-03,+93.12211E-03
-6.96000E-03,-6.52010E-03,+104.93115E-03
-6.95000E-03,-4.51005E-03,+100.91105E-03
-6.94000E-03,-2.50000E-03,+97.14221E-03
-6.93000E-03,-4.25879E-03,+97.14221E-03
-6.92000E-03,-2.50000E-03,+104.93115E-03
-6.91000E-03,-4.25879E-03,+119.25276E-03
-6.90000E-03,-2.50000E-03,+105.18241E-03
-6.89000E-03,-2.50000E-03,+98.90100E-03
-6.88000E-03,+1.52010E-03,+108.95126E-03
-6.87000E-03,+3.27889E-03,+125.28291E-03
-6.86000E-03,-2.50000E-03,+105.18241E-03
-6.85000E-03,-2.50000E-03,+94.88090E-03
-6.84000E-03,-2.50000E-03,+96.89095E-03
-6.83000E-03,-2.50000E-03,+94.88090E-03
-6.82000E-03,+1.26884E-03,+112.97136E-03
-6.81000E-03,-6.52010E-03,+108.95126E-03
-6.80000E-03,-2.50000E-03,+97.14221E-03
-6.79000E-03,-4.25879E-03,+86.84070E-03
-6.78000E-03,-6.26884E-03,+97.14221E-03
-6.77000E-03,-6.52010E-03,+103.17236E-03
-6.76000E-03,-6.52010E-03,+96.89095E-03
-6.75000E-03,-10.54020E-03,+105.18241E-03
-6.74000E-03,-2.50000E-03,+101.16231E-03
-6.73000E-03,-6.52010E-03,+89.10201E-03
-6.72000E-03,+1.52010E-03,+93.12211E-03
-6.71000E-03,-2.50000E-03,+111.21256E-03
-6.70000E-03,+1.52010E-03,+113.22261E-03
-6.69000E-03,-4.25879E-03,+99.15226E-03
-6.68000E-03,-2.50000E-03,+92.87085E-03
-6.67000E-03,-2.50000E-03,+87.09196E-03
-6.66000E-03,-2.50000E-03,+101.16231E-03
-6.65000E-03,-2.50000E-03,+106.94121E-03
-6.64000E-03,-2.50000E-03,+93.12211E-03
-6.63000E-03,-2.50000E-03,+81.06181E-03
-6.62000E-03,-2.50000E-03,+93.12211E-03
-6.61000E-03,-4.51005E-03,+85.08191E-03
-6.60000E-03,-6.52010E-03,+97.14221E-03
-6.59000E-03,-2.50000E-03,+89.10201E-03
-6.58000E-03,-6.26884E-03,+117.24271E-03
-6.57000E-03,+3.27889E-03,+109.20251E-03
-6.56000E-03,+1.52010E-03,+109.20251E-03
-6.55000E-03,-4.25879E-03,+109.20251E-03
-6.54000E-03,+1.26884E-03,+105.18241E-03
-6.53000E-03,-6.52010E-03,+97.14221E-03
-6.52000E-03,-6.26884E-03,+85.08191E-03
-6.51000E-03,-4.25879E-03,+86.84070E-03
-6.50000E-03,-2.50000E-03,+92.87085E-03
-6.49000E-03,-2.50000E-03,+98.90100E-03
-6.48000E-03,-2.50000E-03,+93.12211E-03
-6.47000E-03,-741.21E-06,+112.97136E-03
-6.46000E-03,+1.26884E-03,+116.99146E-03
-6.45000E-03,-489.95E-06,+109.20251E-03
-6.44000E-03,-6.26884E-03,+108.95126E-03
-6.43000E-03,-2.50000E-03,+107.19246E-03
-6.42000E-03,-2.50000E-03,+93.12211E-03
-6.41000E-03,-2.50000E-03,+102.92110E-03
-6.40000E-03,-10.28894E-03,+101.16231E-03
-6.39000E-03,-2.50000E-03,+105.18241E-03
-6.38000E-03,-2.50000E-03,+97.14221E-03
-6.37000E-03,-4.25879E-03,+101.16231E-03
-6.36000E-03,-2.50000E-03,+97.14221E-03
-6.35000E-03,-489.95E-06,+109.20251E-03
-6.34000E-03,-2.50000E-03,+89.10201E-03
-6.33000E-03,-4.51005E-03,+98.90100E-03
-6.32000E-03,+1.26884E-03,+93.12211E-03
-6.31000E-03,-4.25879E-03,+97.14221E-03
-6.30000E-03,-2.50000E-03,+89.10201E-03
-6.29000E-03,-6.52010E-03,+91.11206E-03
-6.28000E-03,-2.50000E-03,+105.18241E-03
-6.27000E-03,-2.50000E-03,+102.92110E-03
-6.26000E-03,-6.52010E-03,+104.93115E-03
-6.25000E-03,-6.52010E-03,+110.96131E-03
-6.24000E-03,-6.26884E-03,+101.16231E-03
-6.23000E-03,-741.21E-06,+107.19246E-03
-6.22000E-03,-2.50000E-03,+113.22261E-03
-6.21000E-03,+1.52010E-03,+106.94121E-03
-6.20000E-03,-2.50000E-03,+105.18241E-03
-6.19000E-03,-2.50000E-03,+107.19246E-03
-6.18000E-03,-2.50000E-03,+113.22261E-03
-6.17000E-03,+1.52010E-03,+93.12211E-03
-6.16000E-03,-2.50000E-03,+93.12211E-03
-6.15000E-03,-489.95E-06,+89.10201E-03
-6.14000E-03,-6.26884E-03,+108.95126E-03
-6.13000E-03,-2.50000E-03,+90.86080E-03
-6.12000E-03,-2.50000E-03,+89.10201E-03
-6.11000E-03,-2.50000E-03,+87.09196E-03
-6.10000E-03,-2.50000E-03,+101.16231E-03
-6.09000E-03,-2.50000E-03,+99.15226E-03
-6.08000E-03,-2.50000E-03,+104.93115E-03
-6.07000E-03,-2.50000E-03,+92.87085E-03
-6.06000E-03,+1.52010E-03,+97.14221E-03
-6.05000E-03,+1.52010E-03,+93.12211E-03
-6.04000E-03,+1.26884E-03,+89.10201E-03
-6.03000E-03,-2.50000E-03,+85.08191E-03
-6.02000E-03,-2.50000E-03,+96.89095E-03
-6.01000E-03,-2.50000E-03,+114.98141E-03
-6.00000E-03,+1.52010E-03,+109.20251E-03
-5.99000E-03,-489.95E-06,+99.15226E-03
-5.98000E-03,-2.50000E-03,+108.95126E-03
-5.97000E-03,-489.95E-06,+94.88090E-03
-5.96000E-03,+1.26884E-03,+92.87085E-03
-5.95000E-03,-2.50000E-03,+101.16231E-03
-5.94000E-03,+1.26884E-03,+100.91105E-03
-5.93000E-03,-4.51005E-03,+106.94121E-03
-5.92000E-03,+1.26884E-03,+100.91105E-03
-5.91000E-03,-2.50000E-03,+98.90100E-03
-5.90000E-03,-2.50000E-03,+105.18241E-03
-5.89000E-03,-2.50000E-03,+99.15226E-03
-5.88000E-03,-2.50000E-03,+92.87085E-03
-5.87000E-03,-4.51005E-03,+99.15226E-03
-5.86000E-03,-2.50000E-03,+97.14221E-03
-5.85000E-03,-6.52010E-03,+104.93115E-03
-5.84000E-03,-2.50000E-03,+113.22261E-03
-5.83000E-03,-4.25879E-03,+109.20251E-03
-5.82000E-03,-2.50000E-03,+96.89095E-03
-5.81000E-03,-4.51005E-03,+99.15226E-03
-5.80000E-03,-2.50000E-03,+108.95126E-03
-5.79000E-03,-741.21E-06,+102.92110E-03
-5.78000E-03,-2.50000E-03,+96.89095E-03
-5.77000E-03,-489.95E-06,+89.10201E-03
-5.76000E-03,+1.52010E-03,+81.06181E-03
-5.75000E-03,+3.53015E-03,+91.11206E-03
-5.74000E-03,+1.52010E-03,+97.14221E-03
-5.73000E-03,-489.95E-06,+109.20251E-03
-5.72000E-03,+1.26884E-03,+97.14221E-03
-5.71000E-03,-2.50000E-03,+105.18241E-03
-5.70000E-03,+1.26884E-03,+96.89095E-03
-5.69000E-03,-741.21E-06,+97.14221E-03
-5.68000E-03,-2.50000E-03,+101.16231E-03
-5.67000E-03,-2.50000E-03,+95.13216E-03
-5.66000E-03,-2.50000E-03,+101.16231E-03
-5.65000E-03,-489.95E-06,+97.14221E-03
-5.64000E-03,+1.26884E-03,+97.14221E-03
-5.63000E-03,-4.25879E-03,+97.14221E-03
-5.62000E-03,+1.26884E-03,+105.18241E-03
-5.61000E-03,-2.50000E-03,+82.82060E-03
-5.60000E-03,-2.50000E-03,+80.81055E-03
-5.59000E-03,-2.50000E-03,+82.82060E-03
-5.58000E-03,+1.26884E-03,+88.85075E-03
-5.57000E-03,-6.52010E-03,+96.89095E-03
-5.56000E-03,+1.52010E-03,+116.99146E-03
-5.55000E-03,-4.25879E-03,+109.20251E-03
-5.54000E-03,+1.26884E-03,+104.93115E-03
-5.53000E-03,-4.25879E-03,+106.94121E-03
-5.52000E-03,-2.50000E-03,+101.16231E-03
-5.51000E-03,-4.25879E-03,+113.22261E-03
-5.50000E-03,-2.50000E-03,+104.93115E-03
-5.49000E-03,-2.50000E-03,+89.10201E-03
-5.48000E-03,-2.50000E-03,+89.10201E-03
-5.47000E-03,-741.21E-06,+90.86080E-03
-5.46000E-03,-2.50000E-03,+97.14221E-03
-5.45000E-03,-489.95E-06,+95.13216E-03
-5.44000E-03,-2.50000E-03,+100.91105E-03
-5.43000E-03,-2.50000E-03,+105.18241E-03
-5.42000E-03,-2.50000E-03,+105.18241E-03
-5.41000E-03,-489.95E-06,+106.94121E-03
-5.40000E-03,-2.50000E-03,+105.18241E-03
-5.39000E-03,-2.50000E-03,+97.14221E-03
-5.38000E-03,-2.50000E-03,+89.10201E-03
-5.37000E-03,-6.52010E-03,+97.14221E-03
-5.36000E-03,-2.50000E-03,+93.12211E-03
-5.35000E-03,-2.50000E-03,+98.90100E-03
-5.34000E-03,-2.50000E-03,+93.12211E-03
-5.33000E-03,-2.50000E-03,+111.21256E-03
-5.32000E-03,-2.50000E-03,+105.18241E-03
-5.31000E-03,-2.50000E-03,+96.89095E-03
-5.30000E-03,-2.50000E-03,+93.12211E-03
-5.29000E-03,-2.50000E-03,+111.21256E-03
-5.28000E-03,-2.50000E-03,+89.10201E-03
-5.27000E-03,-4.51005E-03,+107.19246E-03
-5.26000E-03,-2.50000E-03,+89.10201E-03
-5.25000E-03,-4.25879E-03,+98.90100E-03
-5.24000E-03,-2.50000E-03,+100.91105E-03
-5.23000E-03,-6.52010E-03,+110.96131E-03
-5.22000E-03,-2.50000E-03,+109.20251E-03
-5.21000E-03,-489.95E-06,+97.14221E-03
-5.20000E-03,-2.50000E-03,+100.91105E-03
-5.19000E-03,-2.50000E-03,+101.16231E-03
-5.18000E-03,+1.26884E-03,+104.93115E-03
-5.17000E-03,-2.50000E-03,+94.88090E-03
-5.16000E-03,-6.52010E-03,+96.89095E-03
-5.15000E-03,-4.25879E-03,+97.14221E-03
-5.14000E-03,-2.50000E-03,+96.89095E-03
-5.13000E-03,-741.21E-06,+87.09196E-03
-5.12000E-03,-6.26884E-03,+85.08191E-03
-5.11000E-03,-2.50000E-03,+93.12211E-03
-5.10000E-03,-6.52010E-03,+100.91105E-03
-5.09000E-03,-6.52010E-03,+93.12211E-03
-5.08000E-03,-6.26884E-03,+89.10201E-03
-5.07000E-03,-2.50000E-03,+106.94121E-03
-5.06000E-03,-6.52010E-03,+105.18241E-03
-5.05000E-03,-4.25879E-03,+85.08191E-03
-5.04000E-03,-2.50000E-03,+100.91105E-03
-5.03000E-03,-2.50000E-03,+119.25276E-03
-5.02000E-03,+1.26884E-03,+109.20251E-03
-5.01000E-03,-489.95E-06,+97.14221E-03
-5.00000E-03,-6.26884E-03,+96.89095E-03
-4.99000E-03,-6.52010E-03,+97.14221E-03
-4.98000E-03,-2.50000E-03,+105.18241E-03
-4.97000E-03,-2.50000E-03,+109.20251E-03
-4.96000E-03,+1.26884E-03,+117.24271E-03
-4.95000E-03,-2.50000E-03,+115.23266E-03
-4.94000E-03,-2.50000E-03,+113.22261E-03
-4.93000E-03,-2.50000E-03,+101.16231E-03
-4.92000E-03,-2.50000E-03,+89.10201E-03
-4.91000E-03,-2.50000E-03,+85.08191E-03
-4.90000E-03,-2.50000E-03,+92.87085E-03
-4.89000E-03,-2.50000E-03,+99.15226E-03
-4.88000E-03,-2.50000E-03,+93.12211E-03
-4.87000E-03,+1.52010E-03,+85.08191E-03
-4.86000E-03,-2.50000E-03,+97.14221E-03
-4.85000E-03,-2.50000E-03,+115.23266E-03
-4.84000E-03,+1.26884E-03,+105.18241E-03
-4.83000E-03,-2.50000E-03,+99.15226E-03
-4.82000E-03,-2.50000E-03,+81.06181E-03
-4.81000E-03,-4.25879E-03,+85.08191E-03
-4.80000E-03,-2.50000E-03,+92.87085E-03
-4.79000E-03,-6.52010E-03,+85.08191E-03
-4.78000E-03,-2.50000E-03,+93.12211E-03
-4.77000E-03,-2.50000E-03,+104.93115E-03
-4.76000E-03,-2.50000E-03,+101.16231E-03
-4.75000E-03,+1.52010E-03,+93.12211E-03
-4.74000E-03,-2.50000E-03,+89.10201E-03
-4.73000E-03,-741.21E-06,+110.96131E-03
-4.72000E-03,-2.50000E-03,+93.12211E-03
-4.71000E-03,-741.21E-06,+107.19246E-03
-4.70000E-03,-2.50000E-03,+97.14221E-03
-4.69000E-03,-2.50000E-03,+90.86080E-03
-4.68000E-03,-2.50000E-03,+97.14221E-03
-4.67000E-03,-2.50000E-03,+89.10201E-03
-4.66000E-03,-2.50000E-03,+93.12211E-03
-4.65000E-03,-2.50000E-03,+102.92110E-03
-4.64000E-03,+1.52010E-03,+89.10201E-03
-4.63000E-03,-2.50000E-03,+93.12211E-03
-4.62000E-03,-6.26884E-03,+81.06181E-03
-4.61000E-03,-4.25879E-03,+97.14221E-03
-4.60000E-03,-6.52010E-03,+93.12211E-03
-4.59000E-03,-6.52010E-03,+89.10201E-03
-4.58000E-03,-6.52010E-03,+85.08191E-03
-4.57000E-03,-489.95E-06,+97.14221E-03
-4.56000E-03,-2.50000E-03,+96.89095E-03
-4.55000E-03,-2.50000E-03,+85.08191E-03
-4.54000E-03,-2.50000E-03,+81.06181E-03
-4.53000E-03,-2.50000E-03,+80.81055E-03
-4.52000E-03,-6.52010E-03,+96.89095E-03
-4.51000E-03,-4.51005E-03,+99.15226E-03
-4.50000E-03,-2.50000E-03,+89.10201E-03
-4.49000E-03,-741.21E-06,+101.16231E-03
-4.48000E-03,-2.50000E-03,+93.12211E-03
-4.47000E-03,-4.25879E-03,+101.16231E-03
-4.46000E-03,-6.26884E-03,+89.10201E-03
-4.45000E-03,-2.50000E-03,+90.86080E-03
-4.44000E-03,-2.50000E-03,+101.16231E-03
-4.43000E-03,-2.50000E-03,+89.10201E-03
-4.42000E-03,-2.50000E-03,+93.12211E-03
-4.41000E-03,-4.51005E-03,+104.93115E-03
-4.40000E-03,-2.50000E-03,+101.16231E-03
-4.39000E-03,-489.95E-06,+101.16231E-03
-4.38000E-03,-6.26884E-03,+93.12211E-03
-4.37000E-03,-2.50000E-03,+98.90100E-03
-4.36000E-03,-2.50000E-03,+100.91105E-03
-4.35000E-03,-6.52010E-03,+102.92110E-03
-4.34000E-03,-6.26884E-03,+113.22261E-03
-4.33000E-03,-8.53015E-03,+106.94121E-03
-4.32000E-03,-2.50000E-03,+113.22261E-03
-4.31000E-03,-4.51005E-03,+98.90100E-03
-4.30000E-03,+1.52010E-03,+105.18241E-03
-4.29000E-03,-489.95E-06,+93.12211E-03
-4.28000E-03,-2.50000E-03,+101.16231E-03
-4.27000E-03,-2.50000E-03,+103.17236E-03
-4.26000E-03,-6.26884E-03,+105.18241E-03
-4.25000E-03,-2.50000E-03,+97.14221E-03
-4.24000E-03,-6.52010E-03,+93.12211E-03
-4.23000E-03,-6.52010E-03,+101.16231E-03
-4.22000E-03,-2.50000E-03,+100.91105E-03
-4.21000E-03,-741.21E-06,+99.15226E-03
-4.20000E-03,-2.50000E-03,+104.93115E-03
-4.19000E-03,-2.50000E-03,+111.21256E-03
-4.18000E-03,-2.50000E-03,+104.93115E-03
-4.17000E-03,-2.50000E-03,+105.18241E-03
-4.16000E-03,-2.50000E-03,+85.08191E-03
-4.15000E-03,-2.50000E-03,+89.10201E-03
-4.14000E-03,-6.26884E-03,+117.24271E-03
-4.13000E-03,-4.25879E-03,+123.02161E-03
-4.12000E-03,-2.50000E-03,+113.22261E-03
-4.11000E-03,-6.52010E-03,+123.02161E-03
-4.10000E-03,-6.26884E-03,+105.18241E-03
-4.09000E-03,-2.50000E-03,+101.16231E-03
-4.08000E-03,-6.26884E-03,+96.89095E-03
-4.07000E-03,-2.50000E-03,+97.14221E-03
-4.06000E-03,-2.50000E-03,+100.91105E-03
-4.05000E-03,-4.25879E-03,+123.02161E-03
-4.04000E-03,-6.26884E-03,+96.89095E-03
-4.03000E-03,-2.50000E-03,+93.12211E-03
-4.02000E-03,-6.26884E-03,+92.87085E-03
-4.01000E-03,-2.50000E-03,+98.90100E-03
-4.00000E-03,-2.50000E-03,+104.93115E-03
-3.99000E-03,-2.50000E-03,+101.16231E-03
-3.98000E-03,-2.50000E-03,+104.93115E-03
-3.97000E-03,-2.50000E-03,+103.17236E-03
-3.96000E-03,-2.50000E-03,+117.24271E-03
-3.95000E-03,-2.50000E-03,+119.25276E-03
-3.94000E-03,-2.50000E-03,+101.16231E-03
-3.93000E-03,-4.25879E-03,+98.90100E-03
-3.92000E-03,-2.50000E-03,+93.12211E-03
-3.91000E-03,-489.95E-06,+97.14221E-03
-3.90000E-03,-2.50000E-03,+101.16231E-03
-3.89000E-03,-4.25879E-03,+105.18241E-03
-3.88000E-03,-6.26884E-03,+100.91105E-03
-3.87000E-03,-6.52010E-03,+99.15226E-03
-3.86000E-03,-2.50000E-03,+101.16231E-03
-3.85000E-03,-6.52010E-03,+82.82060E-03
-3.84000E-03,-2.50000E-03,+96.89095E-03
-3.83000E-03,-4.51005E-03,+99.15226E-03
-3.82000E-03,+1.26884E-03,+93.12211E-03
-3.81000E-03,-489.95E-06,+95.13216E-03
-3.80000E-03,-6.26884E-03,+105.18241E-03
-3.79000E-03,-2.50000E-03,+95.13216E-03
-3.78000E-03,-2.50000E-03,+85.08191E-03
-3.77000E-03,-2.50000E-03,+92.87085E-03
-3.76000E-03,-2.50000E-03,+85.08191E-03
-3.75000E-03,-4.51005E-03,+110.96131E-03
-3.74000E-03,-6.26884E-03,+101.16231E-03
-3.73000E-03,-2.50000E-03,+103.17236E-03
-3.72000E-03,-6.52010E-03,+97.14221E-03
-3.71000E-03,-2.50000E-03,+106.94121E-03
-3.70000E-03,-6.26884E-03,+101.16231E-03
-3.69000E-03,-741.21E-06,+95.13216E-03
-3.68000E-03,-2.50000E-03,+96.89095E-03
-3.67000E-03,-2.50000E-03,+93.12211E-03
-3.66000E-03,-6.26884E-03,+105.18241E-03
-3.65000E-03,-741.21E-06,+110.96131E-03
-3.64000E-03,+1.52010E-03,+117.24271E-03
-3.63000E-03,-4.25879E-03,+107.19246E-03
-3.62000E-03,-2.50000E-03,+100.91105E-03
-3.61000E-03,-4.51005E-03,+93.12211E-03
-3.60000E-03,-6.52010E-03,+93.12211E-03
-3.59000E-03,-2.50000E-03,+99.15226E-03
-3.58000E-03,-2.50000E-03,+97.14221E-03
-3.57000E-03,-8.53015E-03,+107.19246E-03
-3.56000E-03,-6.52010E-03,+93.12211E-03
-3.55000E-03,-4.25879E-03,+96.89095E-03
-3.54000E-03,-2.50000E-03,+100.91105E-03
-3.53000E-03,-4.51005E-03,+103.17236E-03
-3.52000E-03,-6.52010E-03,+101.16231E-03
-3.51000E-03,-2.50000E-03,+92.87085E-03
-3.50000E-03,+1.26884E-03,+96.89095E-03
-3.49000E-03,-4.51005E-03,+101.16231E-03
-3.48000E-03,-2.50000E-03,+101.16231E-03
-3.47000E-03,-489.95E-06,+107.19246E-03
-3.46000E-03,-2.50000E-03,+101.16231E-03
-3.45000E-03,-2.50000E-03,+98.90100E-03
-3.44000E-03,-2.50000E-03,+97.14221E-03
-3.43000E-03,-741.21E-06,+95.13216E-03
-3.42000E-03,-2.50000E-03,+93.12211E-03
-3.41000E-03,-2.50000E-03,+101.16231E-03
-3.40000E-03,+1.26884E-03,+85.08191E-03
-3.39000E-03,-2.50000E-03,+115.23266E-03
-3.38000E-03,-6.26884E-03,+101.16231E-03
-3.37000E-03,-4.25879E-03,+93.12211E-03
-3.36000E-03,-2.50000E-03,+93.12211E-03
-3.35000E-03,-2.50000E-03,+97.14221E-03
-3.34000E-03,-2.50000E-03,+89.10201E-03
-3.33000E-03,-2.50000E-03,+94.88090E-03
-3.32000E-03,+1.26884E-03,+100.91105E-03
-3.31000E-03,+1.52010E-03,+101.16231E-03
-3.30000E-03,-2.50000E-03,+108.95126E-03
-3.29000E-03,-2.50000E-03,+89.10201E-03
-3.28000E-03,-2.50000E-03,+109.20251E-03
-3.27000E-03,-2.50000E-03,+102.92110E-03
-3.26000E-03,-2.50000E-03,+97.14221E-03
-3.25000E-03,-2.50000E-03,+103.17236E-03
-3.24000E-03,-2.50000E-03,+93.12211E-03
-3.23000E-03,-741.21E-06,+91.11206E-03
-3.22000E-03,+1.52010E-03,+89.10201E-03
-3.21000E-03,-741.21E-06,+105.18241E-03
-3.20000E-03,-6.26884E-03,+93.12211E-03
-3.19000E-03,-4.51005E-03,+94.88090E-03
-3.18000E-03,-6.26884E-03,+100.91105E-03
-3.17000E-03,-4.51005E-03,+104.93115E-03
-3.16000E-03,-2.50000E-03,+105.18241E-03
-3.15000E-03,-4.51005E-03,+101.16231E-03
-3.14000E-03,-2.50000E-03,+109.20251E-03
-3.13000E-03,-4.25879E-03,+99.15226E-03
-3.12000E-03,-2.50000E-03,+97.14221E-03
-3.11000E-03,-6.52010E-03,+101.16231E-03
-3.10000E-03,-6.52010E-03,+104.93115E-03
-3.09000E-03,-2.50000E-03,+97.14221E-03
-3.08000E-03,+1.26884E-03,+97.14221E-03
-3.07000E-03,+1.52010E-03,+97.14221E-03
-3.06000E-03,-6.52010E-03,+104.93115E-03
-3.05000E-03,-8.27889E-03,+98.90100E-03
-3.04000E-03,-2.50000E-03,+104.93115E-03
-3.03000E-03,-4.25879E-03,+99.15226E-03
-3.02000E-03,+1.26884E-03,+89.10201E-03
-3.01000E-03,-2.50000E-03,+102.92110E-03
-3.00000E-03,-6.26884E-03,+89.10201E-03
-2.99000E-03,-6.52010E-03,+98.90100E-03
-2.98000E-03,-2.50000E-03,+109.20251E-03
-2.97000E-03,-2.50000E-03,+114.98141E-03
-2.96000E-03,+1.26884E-03,+108.95126E-03
-2.95000E-03,-4.51005E-03,+105.18241E-03
-2.94000E-03,-2.50000E-03,+93.12211E-03
-2.93000E-03,+1.52010E-03,+103.17236E-03
-2.92000E-03,-2.50000E-03,+97.14221E-03
-2.91000E-03,-2.50000E-03,+97.14221E-03
-2.90000E-03,-6.52010E-03,+97.14221E-03
-2.89000E-03,-2.50000E-03,+103.17236E-03
-2.88000E-03,-6.26884E-03,+96.89095E-03
-2.87000E-03,-4.51005E-03,+102.92110E-03
-2.86000E-03,-6.26884E-03,+109.20251E-03
-2.85000E-03,-2.50000E-03,+98.90100E-03
-2.84000E-03,-6.26884E-03,+89.10201E-03
-2.83000E-03,-2.50000E-03,+105.18241E-03
-2.82000E-03,-6.26884E-03,+113.22261E-03
-2.81000E-03,-2.50000E-03,+109.20251E-03
-2.80000E-03,-6.26884E-03,+105.18241E-03
-2.79000E-03,-2.50000E-03,+97.14221E-03
-2.78000E-03,+1.26884E-03,+113.22261E-03
-2.77000E-03,-4.51005E-03,+97.14221E-03
-2.76000E-03,-2.50000E-03,+96.89095E-03
-2.75000E-03,-4.25879E-03,+97.14221E-03
-2.74000E-03,-6.52010E-03,+96.89095E-03
-2.73000E-03,-2.50000E-03,+91.11206E-03
-2.72000E-03,-2.50000E-03,+112.97136E-03
-2.71000E-03,-6.52010E-03,+107.19246E-03
-2.70000E-03,-2.50000E-03,+93.12211E-03
-2.69000E-03,+1.52010E-03,+92.87085E-03
-2.68000E-03,+1.52010E-03,+93.12211E-03
-2.67000E-03,-489.95E-06,+89.10201E-03
-2.66000E-03,-2.50000E-03,+100.91105E-03
-2.65000E-03,-2.50000E-03,+93.12211E-03
-2.64000E-03,-2.50000E-03,+88.85075E-03
-2.63000E-03,-6.52010E-03,+90.86080E-03
-2.62000E-03,-2.50000E-03,+100.91105E-03
-2.61000E-03,-741.21E-06,+98.90100E-03
-2.60000E-03,-2.50000E-03,+97.14221E-03
-2.59000E-03,-2.50000E-03,+94.88090E-03
-2.58000E-03,-2.50000E-03,+101.16231E-03
-2.57000E-03,-4.51005E-03,+101.16231E-03
-2.56000E-03,+1.26884E-03,+101.16231E-03
-2.55000E-03,-741.21E-06,+103.17236E-03
-2.54000E-03,+1.26884E-03,+93.12211E-03
-2.53000E-03,-2.50000E-03,+108.95126E-03
-2.52000E-03,-2.50000E-03,+116.99146E-03
-2.51000E-03,-4.51005E-03,+106.94121E-03
-2.50000E-03,-2.50000E-03,+105.18241E-03
-2.49000E-03,-4.51005E-03,+100.91105E-03
-2.48000E-03,-2.50000E-03,+105.18241E-03
-2.47000E-03,-2.50000E-03,+99.15226E-03
-2.46000E-03,-2.50000E-03,+101.16231E-03
-2.45000E-03,-4.25879E-03,+105.18241E-03
-2.44000E-03,-2.50000E-03,+101.16231E-03
-2.43000E-03,-2.50000E-03,+91.11206E-03
-2.42000E-03,+1.26884E-03,+96.89095E-03
-2.41000E-03,-2.50000E-03,+95.13216E-03
-2.40000E-03,-2.50000E-03,+93.12211E-03
-2.39000E-03,-2.50000E-03,+93.12211E-03
-2.38000E-03,-2.50000E-03,+105.18241E-03
-2.37000E-03,-2.50000E-03,+87.09196E-03
-2.36000E-03,-2.50000E-03,+96.89095E-03
-2.35000E-03,-2.50000E-03,+83.07186E-03
-2.34000E-03,-2.50000E-03,+109.20251E-03
-2.33000E-03,-6.52010E-03,+107.19246E-03
-2.32000E-03,-6.26884E-03,+97.14221E-03
-2.31000E-03,-489.95E-06,+105.18241E-03
-2.30000E-03,+1.26884E-03,+93.12211E-03
-2.29000E-03,-489.95E-06,+102.92110E-03
-2.28000E-03,-2.50000E-03,+100.91105E-03
-2.27000E-03,-2.50000E-03,+105.18241E-03
-2.26000E-03,-2.50000E-03,+121.01156E-03
-2.25000E-03,-489.95E-06,+115.23266E-03
-2.24000E-03,+1.26884E-03,+112.97136E-03
-2.23000E-03,-2.50000E-03,+113.22261E-03
-2.22000E-03,-2.50000E-03,+112.97136E-03
-2.21000E-03,-4.51005E-03,+101.16231E-03
-2.20000E-03,-2.50000E-03,+97.14221E-03
-2.19000E-03,+1.52010E-03,+103.17236E-03
-2.18000E-03,-6.26884E-03,+97.14221E-03
-2.17000E-03,-6.52010E-03,+95.13216E-03
-2.16000E-03,-10.28894E-03,+97.14221E-03
-2.15000E-03,-2.50000E-03,+104.93115E-03
-2.14000E-03,-2.50000E-03,+101.16231E-03
-2.13000E-03,-741.21E-06,+102.92110E-03
-2.12000E-03,-6.52010E-03,+97.14221E-03
-2.11000E-03,-2.50000E-03,+107.19246E-03
-2.10000E-03,-6.52010E-03,+108.95126E-03
-2.09000E-03,-2.50000E-03,+98.90100E-03
-2.08000E-03,-2.50000E-03,+101.16231E-03
-2.07000E-03,-2.50000E-03,+97.14221E-03
-2.06000E-03,-2.50000E-03,+113.22261E-03
-2.05000E-03,-6.52010E-03,+91.11206E-03
-2.04000E-03,-2.50000E-03,+92.87085E-03
-2.03000E-03,-741.21E-06,+109.20251E-03
-2.02000E-03,-2.50000E-03,+105.18241E-03
-2.01000E-03,-4.51005E-03,+101.16231E-03
-2.00000E-03,-2.50000E-03,+104.93115E-03
-1.99000E-03,-2.50000E-03,+103.17236E-03
-1.98000E-03,-6.52010E-03,+93.12211E-03
-1.97000E-03,-4.25879E-03,+101.16231E-03
-1.96000E-03,-2.50000E-03,+101.16231E-03
-1.95000E-03,-6.52010E-03,+97.14221E-03
-1.94000E-03,+1.26884E-03,+96.89095E-03
-1.93000E-03,-2.50000E-03,+91.11206E-03
-1.92000E-03,-2.50000E-03,+88.85075E-03
-1.91000E-03,-2.50000E-03,+99.15226E-03
-1.90000E-03,-2.50000E-03,+89.10201E-03
-1.89000E-03,-2.50000E-03,+90.86080E-03
-1.88000E-03,-2.50000E-03,+89.10201E-03
-1.87000E-03,-4.25879E-03,+90.86080E-03
-1.86000E-03,+1.26884E-03,+97.14221E-03
-1.85000E-03,-489.95E-06,+105.18241E-03
-1.84000E-03,-2.50000E-03,+93.12211E-03
-1.83000E-03,-2.50000E-03,+102.92110E-03
-1.82000E-03,-2.50000E-03,+101.16231E-03
-1.81000E-03,-489.95E-06,+99.15226E-03
-1.80000E-03,-2.50000E-03,+93.12211E-03
-1.79000E-03,-489.95E-06,+109.20251E-03
-1.78000E-03,-2.50000E-03,+101.16231E-03
-1.77000E-03,-4.25879E-03,+97.14221E-03
-1.76000E-03,-2.50000E-03,+101.16231E-03
-1.75000E-03,-2.50000E-03,+107.19246E-03
-1.74000E-03,-6.26884E-03,+112.97136E-03
-1.73000E-03,-6.52010E-03,+107.19246E-03
-1.72000E-03,-6.52010E-03,+113.22261E-03
-1.71000E-03,-4.25879E-03,+93.12211E-03
-1.70000E-03,-2.50000E-03,+121.01156E-03
-1.69000E-03,-4.51005E-03,+97.14221E-03
-1.68000E-03,-6.52010E-03,+101.16231E-03
-1.67000E-03,-6.52010E-03,+94.88090E-03
-1.66000E-03,-2.50000E-03,+89.10201E-03
-1.65000E-03,+3.27889E-03,+99.15226E-03
-1.64000E-03,+1.52010E-03,+100.91105E-03
-1.63000E-03,-2.50000E-03,+109.20251E-03
-1.62000E-03,-2.50000E-03,+96.89095E-03
-1.61000E-03,-4.25879E-03,+94.88090E-03
-1.60000E-03,-2.50000E-03,+97.14221E-03
-1.59000E-03,-489.95E-06,+93.12211E-03
-1.58000E-03,-2.50000E-03,+93.12211E-03
-1.57000E-03,-2.50000E-03,+89.10201E-03
-1.56000E-03,-2.50000E-03,+73.02161E-03
-1.55000E-03,-2.50000E-03,+89.10201E-03
-1.54000E-03,-2.50000E-03,+93.12211E-03
-1.53000E-03,-2.50000E-03,+98.90100E-03
-1.52000E-03,-2.50000E-03,+109.20251E-03
-1.51000E-03,-489.95E-06,+105.18241E-03
-1.50000E-03,+1.26884E-03,+97.14221E-03
-1.49000E-03,-2.50000E-03,+93.12211E-03
-1.48000E-03,-2.50000E-03,+93.12211E-03
-1.47000E-03,-2.50000E-03,+99.15226E-03
-1.46000E-03,-2.50000E-03,+101.16231E-03
-1.45000E-03,-2.50000E-03,+101.16231E-03
-1.44000E-03,-2.50000E-03,+93.12211E-03
-1.43000E-03,-2.50000E-03,+89.10201E-03
-1.42000E-03,-2.50000E-03,+96.89095E-03
-1.41000E-03,-489.95E-06,+107.19246E-03
-1.40000E-03,-2.50000E-03,+100.91105E-03
-1.39000E-03,-2.50000E-03,+89.10201E-03
-1.38000E-03,+1.26884E-03,+100.91105E-03
-1.37000E-03,-6.52010E-03,+101.16231E-03
-1.36000E-03,-6.26884E-03,+105.18241E-03
-1.35000E-03,-6.52010E-03,+97.14221E-03
-1.34000E-03,-6.26884E-03,+117.24271E-03
-1.33000E-03,-2.50000E-03,+91.11206E-03
-1.32000E-03,-2.50000E-03,+108.95126E-03
-1.31000E-03,-2.50000E-03,+109.20251E-03
-1.30000E-03,-2.50000E-03,+97.14221E-03
-1.29000E-03,-2.50000E-03,+113.22261E-03
-1.28000E-03,-2.50000E-03,+121.26281E-03
-1.27000E-03,-741.21E-06,+102.92110E-03
-1.26000E-03,-2.50000E-03,+101.16231E-03
-1.25000E-03,-6.52010E-03,+106.94121E-03
-1.24000E-03,-6.26884E-03,+93.12211E-03
-1.23000E-03,-2.50000E-03,+86.84070E-03
-1.22000E-03,-2.50000E-03,+93.12211E-03
-1.21000E-03,+1.52010E-03,+95.13216E-03
-1.20000E-03,-2.50000E-03,+92.87085E-03
-1.19000E-03,+3.53015E-03,+94.88090E-03
-1.18000E-03,-6.52010E-03,+93.12211E-03
-1.17000E-03,-2.50000E-03,+95.13216E-03
-1.16000E-03,-2.50000E-03,+100.91105E-03
-1.15000E-03,-4.25879E-03,+97.14221E-03
-1.14000E-03,-2.50000E-03,+100.91105E-03
-1.13000E-03,-2.50000E-03,+111.21256E-03
-1.12000E-03,-2.50000E-03,+92.87085E-03
-1.11000E-03,-4.25879E-03,+107.19246E-03
-1.10000E-03,-2.50000E-03,+97.14221E-03
-1.09000E-03,+1.52010E-03,+103.17236E-03
-1.08000E-03,-2.50000E-03,+125.28291E-03
-1.07000E-03,-2.50000E-03,+103.17236E-03
-1.06000E-03,-2.50000E-03,+97.14221E-03
-1.05000E-03,-2.50000E-03,+94.88090E-03
-1.04000E-03,+5.28894E-03,+93.12211E-03
-1.03000E-03,-741.21E-06,+110.96131E-03
-1.02000E-03,-2.50000E-03,+108.95126E-03
-1.01000E-03,-2.50000E-03,+89.10201E-03
-1.00000E-03,-2.50000E-03,+89.10201E-03
-990.00E-06,-489.95E-06,+88.85075E-03
-980.00E-06,-2.50000E-03,+96.89095E-03
-970.00E-06,-4.51005E-03,+91.11206E-03
-960.00E-06,-2.50000E-03,+85.08191E-03
-950.00E-06,-489.95E-06,+97.14221E-03
-940.00E-06,-2.50000E-03,+96.89095E-03
-930.00E-06,-4.51005E-03,+101.16231E-03
-920.00E-06,-2.50000E-03,+88.85075E-03
-910.00E-06,-6.52010E-03,+95.13216E-03
-900.00E-06,-6.52010E-03,+97.14221E-03
-890.00E-06,-741.21E-06,+91.11206E-03
-880.00E-06,-2.50000E-03,+104.93115E-03
-870.00E-06,-2.50000E-03,+95.13216E-03
-860.00E-06,-2.50000E-03,+109.20251E-03
-850.00E-06,-489.95E-06,+87.09196E-03
-840.00E-06,-6.26884E-03,+96.89095E-03
-830.00E-06,-741.21E-06,+111.21256E-03
-820.00E-06,-2.50000E-03,+101.16231E-03
-810.00E-06,-741.21E-06,+96.89095E-03
-800.00E-06,+1.26884E-03,+93.12211E-03
-790.00E-06,-4.51005E-03,+113.22261E-03
-780.00E-06,-6.52010E-03,+109.20251E-03
-770.00E-06,-489.95E-06,+93.12211E-03
-760.00E-06,-2.50000E-03,+97.14221E-03
-750.00E-06,-741.21E-06,+95.13216E-03
-740.00E-06,-6.52010E-03,+121.01156E-03
-730.00E-06,-2.50000E-03,+105.18241E-03
-720.00E-06,+1.26884E-03,+100.91105E-03
-710.00E-06,-2.50000E-03,+109.20251E-03
-700.00E-06,-2.50000E-03,+97.14221E-03
-690.00E-06,-8.53015E-03,+127.04171E-03
-680.00E-06,-2.50000E-03,+108.95126E-03
-670.00E-06,-6.52010E-03,+107.19246E-03
-660.00E-06,-2.50000E-03,+97.14221E-03
-650.00E-06,-4.25879E-03,+85.08191E-03
-640.00E-06,+1.26884E-03,+93.12211E-03
-630.00E-06,-2.50000E-03,+85.08191E-03
-620.00E-06,-2.50000E-03,+105.18241E-03
-610.00E-06,-4.51005E-03,+94.88090E-03
-600.00E-06,-6.26884E-03,+101.16231E-03
-590.00E-06,-2.50000E-03,+107.19246E-03
-580.00E-06,-2.50000E-03,+101.16231E-03
-570.00E-06,-6.52010E-03,+92.87085E-03
-560.00E-06,-2.50000E-03,+89.10201E-03
-550.00E-06,-4.25879E-03,+94.88090E-03
-540.00E-06,-6.26884E-03,+84.83065E-03
-530.00E-06,-2.50000E-03,+93.12211E-03
-520.00E-06,-6.26884E-03,+93.12211E-03
-510.00E-06,-4.25879E-03,+85.08191E-03
-500.00E-06,-2.50000E-03,+96.89095E-03
-490.00E-06,-6.52010E-03,+100.91105E-03
-480.00E-06,-6.52010E-03,+88.85075E-03
-470.00E-06,-4.25879E-03,+95.13216E-03
-460.00E-06,-6.26884E-03,+97.14221E-03
-450.00E-06,-2.50000E-03,+94.88090E-03
-440.00E-06,-6.26884E-03,+100.91105E-03
-430.00E-06,-4.51005E-03,+121.26281E-03
-420.00E-06,-2.50000E-03,+109.20251E-03
-410.00E-06,-6.52010E-03,+87.09196E-03
-400.00E-06,-6.26884E-03,+105.18241E-03
-390.00E-06,-2.50000E-03,+103.17236E-03
-380.00E-06,-2.50000E-03,+101.16231E-03
-370.00E-06,-2.50000E-03,+105.18241E-03
-360.00E-06,-6.26884E-03,+89.10201E-03
-350.00E-06,-2.50000E-03,+89.10201E-03
-340.00E-06,-6.52010E-03,+113.22261E-03
-330.00E-06,-2.50000E-03,+106.94121E-03
-320.00E-06,-2.50000E-03,+93.12211E-03
-310.00E-06,-2.50000E-03,+99.15226E-03
-300.00E-06,-2.50000E-03,+108.95126E-03
-290.00E-06,-4.51005E-03,+99.15226E-03
-280.00E-06,-2.50000E-03,+88.85075E-03
-270.00E-06,-2.50000E-03,+94.88090E-03
-260.00E-06,+1.52010E-03,+97.14221E-03
-250.00E-06,-741.21E-06,+93.12211E-03
-240.00E-06,-2.50000E-03,+104.93115E-03
-230.00E-06,-2.50000E-03,+87.09196E-03
-220.00E-06,-2.50000E-03,+92.87085E-03
-210.00E-06,-489.95E-06,+95.13216E-03
-200.00E-06,-2.50000E-03,+93.12211E-03
-190.00E-06,-489.95E-06,+93.12211E-03
-180.00E-06,-2.50000E-03,+93.12211E-03
-170.00E-06,-6.52010E-03,+91.11206E-03
-160.00E-06,-2.50000E-03,+85.08191E-03
-150.00E-06,+1.52010E-03,+101.16231E-03
-140.00E-06,-2.50000E-03,+101.16231E-03
-130.00E-06,-2.50000E-03,+90.86080E-03
-120.00E-06,-2.50000E-03,+96.89095E-03
-110.00E-06,-741.21E-06,+109.20251E-03
-100.00E-06,+1.26884E-03,+113.22261E-03
-90.00E-06,-741.21E-06,+94.88090E-03
-80.00E-06,-2.50000E-03,+100.91105E-03
-70.00E-06,-2.50000E-03,+93.12211E-03
-60.00E-06,-2.50000E-03,+100.91105E-03
-50.00E-06,-2.50000E-03,+91.11206E-03
-40.00E-06,-2.50000E-03,+108.95126E-03
-30.00E-06,-4.51005E-03,+103.17236E-03
-20.00E-06,-6.26884E-03,+104.93115E-03
-10.00E-06,-2.50000E-03,+114.98141E-03
-0.0E+00,-6.26884E-03,+97.14221E-03
+10.00E-06,+3.53015E-03,+46.89095E-03
+20.00E-06,+1.52010E-03,+20.50905E-03
+30.00E-06,+7.29899E-03,+24.52915E-03
+40.00E-06,+1.52010E-03,+89.10201E-03
+50.00E-06,-2.50000E-03,+119.00151E-03
+60.00E-06,-6.52010E-03,+109.20251E-03
+70.00E-06,-10.54020E-03,+114.98141E-03
+80.00E-06,-10.54020E-03,+117.24271E-03
+90.00E-06,-12.29899E-03,+115.23266E-03
+100.00E-06,-14.56030E-03,+116.99146E-03
+110.00E-06,-10.54020E-03,+127.29296E-03
+120.00E-06,-14.56030E-03,+113.22261E-03
+130.00E-06,-8.53015E-03,+109.20251E-03
+140.00E-06,-10.28894E-03,+121.01156E-03
+150.00E-06,-2.50000E-03,+125.28291E-03
+160.00E-06,-2.50000E-03,+129.05176E-03
+170.00E-06,+1.52010E-03,+121.26281E-03
+180.00E-06,+1.52010E-03,+121.01156E-03
+190.00E-06,+5.54020E-03,+117.24271E-03
+200.00E-06,+5.54020E-03,+96.89095E-03
+210.00E-06,+1.52010E-03,+97.14221E-03
+220.00E-06,+5.54020E-03,+121.01156E-03
+230.00E-06,+7.29899E-03,+123.02161E-03
+240.00E-06,+5.54020E-03,+113.22261E-03
+250.00E-06,+5.54020E-03,+117.24271E-03
+260.00E-06,+1.26884E-03,+125.28291E-03
+270.00E-06,-2.50000E-03,+117.24271E-03
+280.00E-06,-2.50000E-03,+121.26281E-03
+290.00E-06,-4.25879E-03,+131.06181E-03
+300.00E-06,-6.52010E-03,+121.26281E-03
+310.00E-06,-6.52010E-03,+110.96131E-03
+320.00E-06,-10.54020E-03,+113.22261E-03
+330.00E-06,-12.29899E-03,+109.20251E-03
+340.00E-06,-10.54020E-03,+117.24271E-03
+350.00E-06,-6.52010E-03,+119.00151E-03
+360.00E-06,-10.54020E-03,+121.26281E-03
+370.00E-06,-10.54020E-03,+117.24271E-03
+380.00E-06,-10.54020E-03,+112.97136E-03
+390.00E-06,-2.50000E-03,+103.17236E-03
+400.00E-06,-2.50000E-03,+96.89095E-03
+410.00E-06,-2.50000E-03,+105.18241E-03
+420.00E-06,+1.52010E-03,+121.26281E-03
+430.00E-06,+3.27889E-03,+110.96131E-03
+440.00E-06,+13.32915E-03,+112.97136E-03
+450.00E-06,+9.56030E-03,+114.98141E-03
+460.00E-06,+9.56030E-03,+117.24271E-03
+470.00E-06,+9.56030E-03,+131.06181E-03
+480.00E-06,+9.56030E-03,+121.26281E-03
+490.00E-06,+5.54020E-03,+113.22261E-03
+500.00E-06,+5.54020E-03,+113.22261E-03
+510.00E-06,-741.21E-06,+101.16231E-03
+520.00E-06,+1.26884E-03,+101.16231E-03
+530.00E-06,-6.52010E-03,+94.88090E-03
+540.00E-06,-6.52010E-03,+104.93115E-03
+550.00E-06,-10.54020E-03,+109.20251E-03
+560.00E-06,-10.54020E-03,+117.24271E-03
+570.00E-06,-12.29899E-03,+114.98141E-03
+580.00E-06,-10.54020E-03,+104.93115E-03
+590.00E-06,-8.53015E-03,+106.94121E-03
+600.00E-06,-10.54020E-03,+113.22261E-03
+610.00E-06,-10.28894E-03,+111.21256E-03
+620.00E-06,-10.28894E-03,+109.20251E-03
+630.00E-06,-4.51005E-03,+102.92110E-03
+640.00E-06,+1.26884E-03,+113.22261E-03
+650.00E-06,-741.21E-06,+115.23266E-03
+660.00E-06,+1.52010E-03,+112.97136E-03
+670.00E-06,+1.52010E-03,+99.15226E-03
+680.00E-06,+5.54020E-03,+101.16231E-03
+690.00E-06,+7.29899E-03,+114.98141E-03
+700.00E-06,+9.56030E-03,+113.22261E-03
+710.00E-06,+5.54020E-03,+113.22261E-03
+720.00E-06,+9.30905E-03,+113.22261E-03
+730.00E-06,+1.52010E-03,+113.22261E-03
+740.00E-06,-2.50000E-03,+101.16231E-03
+750.00E-06,-2.50000E-03,+109.20251E-03
+760.00E-06,-2.50000E-03,+121.01156E-03
+770.00E-06,-4.25879E-03,+127.29296E-03
+780.00E-06,-6.26884E-03,+125.28291E-03
+790.00E-06,-6.52010E-03,+109.20251E-03
+800.00E-06,-18.32915E-03,+117.24271E-03
+810.00E-06,-16.31910E-03,+113.22261E-03
+820.00E-06,-14.56030E-03,+113.22261E-03
+830.00E-06,-12.29899E-03,+121.26281E-03
+840.00E-06,-14.56030E-03,+121.26281E-03
+850.00E-06,-14.56030E-03,+115.23266E-03
+860.00E-06,-6.52010E-03,+112.97136E-03
+870.00E-06,-6.52010E-03,+117.24271E-03
+880.00E-06,-6.26884E-03,+105.18241E-03
+890.00E-06,-741.21E-06,+116.99146E-03
+900.00E-06,+9.30905E-03,+125.03166E-03
+910.00E-06,+5.54020E-03,+115.23266E-03
+920.00E-06,+5.54020E-03,+113.22261E-03
+930.00E-06,+7.29899E-03,+109.20251E-03
+940.00E-06,+9.56030E-03,+93.12211E-03
+950.00E-06,+5.54020E-03,+93.12211E-03
+960.00E-06,+5.54020E-03,+105.18241E-03
+970.00E-06,+7.29899E-03,+107.19246E-03
+980.00E-06,+5.28894E-03,+97.14221E-03
+990.00E-06,+1.52010E-03,+119.00151E-03
+1.00000E-03,-2.50000E-03,+121.26281E-03
+1.01000E-03,-6.52010E-03,+121.26281E-03
+1.02000E-03,-10.54020E-03,+108.95126E-03
+1.03000E-03,-12.55025E-03,+113.22261E-03
+1.04000E-03,-18.32915E-03,+121.26281E-03
+1.05000E-03,-14.56030E-03,+115.23266E-03
+1.06000E-03,-18.58040E-03,+141.36332E-03
+1.07000E-03,-16.57035E-03,+135.08191E-03
+1.08000E-03,-14.30905E-03,+121.26281E-03
+1.09000E-03,-6.52010E-03,+115.23266E-03
+1.10000E-03,-6.52010E-03,+112.97136E-03
+1.11000E-03,-4.51005E-03,+127.29296E-03
+1.12000E-03,-6.26884E-03,+117.24271E-03
+1.13000E-03,+1.52010E-03,+129.30301E-03
+1.14000E-03,+5.28894E-03,+153.42362E-03
+1.15000E-03,+5.54020E-03,+127.04171E-03
+1.16000E-03,+9.56030E-03,+125.03166E-03
+1.17000E-03,+7.55025E-03,+117.24271E-03
+1.18000E-03,+9.56030E-03,+121.26281E-03
+1.19000E-03,+11.57035E-03,+121.26281E-03
+1.20000E-03,+9.30905E-03,+121.01156E-03
+1.21000E-03,+5.28894E-03,+114.98141E-03
+1.22000E-03,-2.50000E-03,+117.24271E-03
+1.23000E-03,-4.25879E-03,+119.00151E-03
+1.24000E-03,-6.52010E-03,+121.26281E-03
+1.25000E-03,-10.54020E-03,+123.02161E-03
+1.26000E-03,-10.54020E-03,+121.01156E-03
+1.27000E-03,-10.54020E-03,+123.27286E-03
+1.28000E-03,-10.54020E-03,+121.26281E-03
+1.29000E-03,-14.56030E-03,+121.26281E-03
+1.30000E-03,-18.32915E-03,+125.28291E-03
+1.31000E-03,-14.56030E-03,+121.26281E-03
+1.32000E-03,-14.30905E-03,+125.28291E-03
+1.33000E-03,-10.54020E-03,+119.25276E-03
+1.34000E-03,-6.26884E-03,+116.99146E-03
+1.35000E-03,-4.25879E-03,+117.24271E-03
+1.36000E-03,+5.28894E-03,+117.24271E-03
+1.37000E-03,+5.54020E-03,+121.26281E-03
+1.38000E-03,+5.28894E-03,+121.01156E-03
+1.39000E-03,+9.56030E-03,+123.27286E-03
+1.40000E-03,+5.54020E-03,+117.24271E-03
+1.41000E-03,+11.31910E-03,+114.98141E-03
+1.42000E-03,+5.54020E-03,+125.28291E-03
+1.43000E-03,+7.29899E-03,+111.21256E-03
+1.44000E-03,+1.52010E-03,+125.03166E-03
+1.45000E-03,+1.52010E-03,+123.02161E-03
+1.46000E-03,+1.52010E-03,+129.05176E-03
+1.47000E-03,-4.25879E-03,+115.23266E-03
+1.48000E-03,-10.54020E-03,+116.99146E-03
+1.49000E-03,-10.54020E-03,+131.06181E-03
+1.50000E-03,-10.54020E-03,+121.26281E-03
+1.51000E-03,-16.31910E-03,+125.28291E-03
+1.52000E-03,-18.58040E-03,+117.24271E-03
+1.53000E-03,-16.31910E-03,+137.34321E-03
+1.54000E-03,-14.56030E-03,+121.26281E-03
+1.55000E-03,-12.29899E-03,+119.00151E-03
+1.56000E-03,-10.54020E-03,+121.01156E-03
+1.57000E-03,-8.27889E-03,+110.96131E-03
+1.58000E-03,-2.50000E-03,+117.24271E-03
+1.59000E-03,+1.52010E-03,+127.04171E-03
+1.60000E-03,+5.54020E-03,+121.26281E-03
+1.61000E-03,+9.56030E-03,+123.27286E-03
+1.62000E-03,+13.58040E-03,+141.36332E-03
+1.63000E-03,+9.56030E-03,+129.30301E-03
+1.64000E-03,+13.58040E-03,+121.01156E-03
+1.65000E-03,+11.31910E-03,+127.04171E-03
+1.66000E-03,+1.26884E-03,+125.28291E-03
+1.67000E-03,+7.55025E-03,+145.38342E-03
+1.68000E-03,+1.52010E-03,+141.36332E-03
+1.69000E-03,-741.21E-06,+133.32311E-03
+1.70000E-03,-2.50000E-03,+121.26281E-03
+1.71000E-03,-6.52010E-03,+139.35327E-03
+1.72000E-03,-10.28894E-03,+121.26281E-03
+1.73000E-03,-10.54020E-03,+119.25276E-03
+1.74000E-03,-14.56030E-03,+125.28291E-03
+1.75000E-03,-16.57035E-03,+117.24271E-03
+1.76000E-03,-14.56030E-03,+113.22261E-03
+1.77000E-03,-16.31910E-03,+119.00151E-03
+1.78000E-03,-18.58040E-03,+129.30301E-03
+1.79000E-03,-10.54020E-03,+131.31306E-03
+1.80000E-03,-10.28894E-03,+133.07186E-03
+1.81000E-03,-4.51005E-03,+135.08191E-03
+1.82000E-03,+1.52010E-03,+137.34321E-03
+1.83000E-03,+3.27889E-03,+127.29296E-03
+1.84000E-03,+5.28894E-03,+121.01156E-03
+1.85000E-03,+7.55025E-03,+123.02161E-03
+1.86000E-03,+9.56030E-03,+133.32311E-03
+1.87000E-03,+9.56030E-03,+123.02161E-03
+1.88000E-03,+9.56030E-03,+116.99146E-03
+1.89000E-03,+11.57035E-03,+119.00151E-03
+1.90000E-03,+5.54020E-03,+125.03166E-03
+1.91000E-03,+5.54020E-03,+133.32311E-03
+1.92000E-03,+1.52010E-03,+117.24271E-03
+1.93000E-03,-2.50000E-03,+125.28291E-03
+1.94000E-03,-6.26884E-03,+109.20251E-03
+1.95000E-03,-12.29899E-03,+119.00151E-03
+1.96000E-03,-14.30905E-03,+125.28291E-03
+1.97000E-03,-16.57035E-03,+135.08191E-03
+1.98000E-03,-14.56030E-03,+125.03166E-03
+1.99000E-03,-12.55025E-03,+119.00151E-03
+2.00000E-03,-14.56030E-03,+113.22261E-03
+2.01000E-03,-18.58040E-03,+131.31306E-03
+2.02000E-03,-18.58040E-03,+137.34321E-03
+2.03000E-03,-16.57035E-03,+145.38342E-03
+2.04000E-03,-6.52010E-03,+133.07186E-03
+2.05000E-03,-741.21E-06,+119.00151E-03
+2.06000E-03,-2.50000E-03,+116.99146E-03
+2.07000E-03,+3.27889E-03,+105.18241E-03
+2.08000E-03,+9.30905E-03,+113.22261E-03
+2.09000E-03,+7.29899E-03,+113.22261E-03
+2.10000E-03,+9.56030E-03,+113.22261E-03
+2.11000E-03,+9.56030E-03,+123.02161E-03
+2.12000E-03,+13.32915E-03,+133.07186E-03
+2.13000E-03,+13.58040E-03,+135.08191E-03
+2.14000E-03,+9.30905E-03,+137.34321E-03
+2.15000E-03,+1.52010E-03,+129.30301E-03
+2.16000E-03,+1.26884E-03,+129.05176E-03
+2.17000E-03,-4.25879E-03,+119.25276E-03
+2.18000E-03,-10.54020E-03,+121.26281E-03
+2.19000E-03,-6.52010E-03,+121.26281E-03
+2.20000E-03,-10.54020E-03,+113.22261E-03
+2.21000E-03,-16.31910E-03,+135.08191E-03
+2.22000E-03,-18.58040E-03,+129.30301E-03
+2.23000E-03,-16.31910E-03,+119.00151E-03
+2.24000E-03,-14.56030E-03,+137.34321E-03
+2.25000E-03,-8.53015E-03,+125.28291E-03
+2.26000E-03,-10.54020E-03,+116.99146E-03
+2.27000E-03,-6.52010E-03,+127.04171E-03
+2.28000E-03,-2.50000E-03,+121.01156E-03
+2.29000E-03,+1.52010E-03,+121.01156E-03
+2.30000E-03,+1.52010E-03,+117.24271E-03
+2.31000E-03,+9.56030E-03,+133.32311E-03
+2.32000E-03,+13.32915E-03,+133.32311E-03
+2.33000E-03,+13.58040E-03,+143.37337E-03
+2.34000E-03,+13.58040E-03,+141.11206E-03
+2.35000E-03,+11.31910E-03,+131.31306E-03
+2.36000E-03,+13.32915E-03,+129.30301E-03
+2.37000E-03,+7.55025E-03,+125.28291E-03
+2.38000E-03,+5.54020E-03,+121.26281E-03
+2.39000E-03,+5.54020E-03,+109.20251E-03
+2.40000E-03,-2.50000E-03,+116.99146E-03
+2.41000E-03,-8.27889E-03,+109.20251E-03
+2.42000E-03,-10.54020E-03,+121.26281E-03
+2.43000E-03,-10.54020E-03,+119.00151E-03
+2.44000E-03,-14.56030E-03,+133.32311E-03
+2.45000E-03,-16.57035E-03,+137.09196E-03
+2.46000E-03,-14.56030E-03,+141.36332E-03
+2.47000E-03,-18.58040E-03,+125.28291E-03
+2.48000E-03,-14.56030E-03,+145.38342E-03
+2.49000E-03,-10.54020E-03,+139.10201E-03
+2.50000E-03,-10.28894E-03,+121.26281E-03
+2.51000E-03,-8.27889E-03,+117.24271E-03
+2.52000E-03,-6.26884E-03,+113.22261E-03
+2.53000E-03,+1.52010E-03,+123.02161E-03
+2.54000E-03,+1.52010E-03,+117.24271E-03
+2.55000E-03,+9.56030E-03,+110.96131E-03
+2.56000E-03,+13.58040E-03,+129.30301E-03
+2.57000E-03,+9.56030E-03,+123.02161E-03
+2.58000E-03,+9.56030E-03,+117.24271E-03
+2.59000E-03,+7.29899E-03,+113.22261E-03
+2.60000E-03,+5.54020E-03,+101.16231E-03
+2.61000E-03,+3.27889E-03,+117.24271E-03
+2.62000E-03,+1.52010E-03,+101.16231E-03
+2.63000E-03,-741.21E-06,+119.25276E-03
+2.64000E-03,+1.52010E-03,+125.28291E-03
+2.65000E-03,-8.27889E-03,+129.30301E-03
+2.66000E-03,-10.54020E-03,+129.30301E-03
+2.67000E-03,-14.56030E-03,+125.28291E-03
+2.68000E-03,-14.56030E-03,+116.99146E-03
+2.69000E-03,-14.56030E-03,+119.00151E-03
+2.70000E-03,-18.32915E-03,+121.26281E-03
+2.71000E-03,-16.57035E-03,+127.29296E-03
+2.72000E-03,-14.56030E-03,+133.32311E-03
+2.73000E-03,-8.53015E-03,+127.04171E-03
+2.74000E-03,-10.54020E-03,+129.05176E-03
+2.75000E-03,-4.25879E-03,+125.28291E-03
+2.76000E-03,+5.54020E-03,+137.09196E-03
+2.77000E-03,+5.54020E-03,+123.02161E-03
+2.78000E-03,+9.30905E-03,+133.07186E-03
+2.79000E-03,+13.58040E-03,+129.30301E-03
+2.80000E-03,+9.56030E-03,+121.26281E-03
+2.81000E-03,+11.31910E-03,+109.20251E-03
+2.82000E-03,+9.56030E-03,+137.09196E-03
+2.83000E-03,+11.31910E-03,+113.22261E-03
+2.84000E-03,+9.30905E-03,+117.24271E-03
+2.85000E-03,+1.52010E-03,+125.28291E-03
+2.86000E-03,-2.50000E-03,+125.28291E-03
+2.87000E-03,-4.25879E-03,+129.30301E-03
+2.88000E-03,-6.52010E-03,+121.26281E-03
+2.89000E-03,-10.54020E-03,+123.27286E-03
+2.90000E-03,-14.30905E-03,+121.26281E-03
+2.91000E-03,-14.56030E-03,+119.00151E-03
+2.92000E-03,-14.56030E-03,+141.36332E-03
+2.93000E-03,-14.56030E-03,+137.34321E-03
+2.94000E-03,-18.32915E-03,+129.05176E-03
+2.95000E-03,-14.56030E-03,+145.38342E-03
+2.96000E-03,-14.56030E-03,+133.32311E-03
+2.97000E-03,-10.54020E-03,+127.04171E-03
+2.98000E-03,-6.52010E-03,+116.99146E-03
+2.99000E-03,-741.21E-06,+137.34321E-03
+3.00000E-03,+5.28894E-03,+133.32311E-03
+3.01000E-03,+9.56030E-03,+133.32311E-03
+3.02000E-03,+9.56030E-03,+133.32311E-03
+3.03000E-03,+11.31910E-03,+129.30301E-03
+3.04000E-03,+9.56030E-03,+117.24271E-03
+3.05000E-03,+7.55025E-03,+110.96131E-03
+3.06000E-03,+9.56030E-03,+113.22261E-03
+3.07000E-03,+5.54020E-03,+125.28291E-03
+3.08000E-03,+5.28894E-03,+129.30301E-03
+3.09000E-03,+1.52010E-03,+121.26281E-03
+3.10000E-03,-2.50000E-03,+113.22261E-03
+3.11000E-03,-6.52010E-03,+114.98141E-03
+3.12000E-03,-10.28894E-03,+117.24271E-03
+3.13000E-03,-12.29899E-03,+133.32311E-03
+3.14000E-03,-14.56030E-03,+117.24271E-03
+3.15000E-03,-14.56030E-03,+127.04171E-03
+3.16000E-03,-14.30905E-03,+125.28291E-03
+3.17000E-03,-14.56030E-03,+129.30301E-03
+3.18000E-03,-14.30905E-03,+121.26281E-03
+3.19000E-03,-10.54020E-03,+117.24271E-03
+3.20000E-03,-6.52010E-03,+121.01156E-03
+3.21000E-03,-4.25879E-03,+119.00151E-03
+3.22000E-03,-2.50000E-03,+125.28291E-03
+3.23000E-03,+3.27889E-03,+129.30301E-03
+3.24000E-03,+1.52010E-03,+129.30301E-03
+3.25000E-03,+5.54020E-03,+117.24271E-03
+3.26000E-03,+9.56030E-03,+129.30301E-03
+3.27000E-03,+7.55025E-03,+123.02161E-03
+3.28000E-03,+9.56030E-03,+125.28291E-03
+3.29000E-03,+11.31910E-03,+117.24271E-03
+3.30000E-03,+9.56030E-03,+117.24271E-03
+3.31000E-03,+7.55025E-03,+117.24271E-03
+3.32000E-03,+1.52010E-03,+109.20251E-03
+3.33000E-03,+3.53015E-03,+109.20251E-03
+3.34000E-03,-2.50000E-03,+109.20251E-03
+3.35000E-03,-6.52010E-03,+117.24271E-03
+3.36000E-03,-10.28894E-03,+125.03166E-03
+3.37000E-03,-12.55025E-03,+125.28291E-03
+3.38000E-03,-14.56030E-03,+129.30301E-03
+3.39000E-03,-14.56030E-03,+115.23266E-03
+3.40000E-03,-10.54020E-03,+101.16231E-03
+3.41000E-03,-14.56030E-03,+127.29296E-03
+3.42000E-03,-14.56030E-03,+125.28291E-03
+3.43000E-03,-10.54020E-03,+125.28291E-03
+3.44000E-03,-10.28894E-03,+125.28291E-03
+3.45000E-03,-2.50000E-03,+129.30301E-03
+3.46000E-03,+1.52010E-03,+125.28291E-03
+3.47000E-03,+3.27889E-03,+114.98141E-03
+3.48000E-03,+1.52010E-03,+117.24271E-03
+3.49000E-03,+9.56030E-03,+125.28291E-03
+3.50000E-03,+9.56030E-03,+116.99146E-03
+3.51000E-03,+9.30905E-03,+117.24271E-03
+3.52000E-03,+9.56030E-03,+116.99146E-03
+3.53000E-03,+11.57035E-03,+114.98141E-03
+3.54000E-03,+5.54020E-03,+117.24271E-03
+3.55000E-03,+3.27889E-03,+119.25276E-03
+3.56000E-03,+5.54020E-03,+125.03166E-03
+3.57000E-03,-741.21E-06,+119.00151E-03
+3.58000E-03,-6.52010E-03,+129.05176E-03
+3.59000E-03,-6.26884E-03,+125.28291E-03
+3.60000E-03,-14.30905E-03,+125.28291E-03
+3.61000E-03,-14.56030E-03,+117.24271E-03
+3.62000E-03,-14.30905E-03,+121.01156E-03
+3.63000E-03,-14.56030E-03,+117.24271E-03
+3.64000E-03,-10.54020E-03,+121.26281E-03
+3.65000E-03,-16.57035E-03,+119.00151E-03
+3.66000E-03,-10.54020E-03,+133.07186E-03
+3.67000E-03,-8.53015E-03,+139.10201E-03
+3.68000E-03,-10.54020E-03,+129.30301E-03
+3.69000E-03,+1.52010E-03,+125.28291E-03
+3.70000E-03,+1.52010E-03,+117.24271E-03
+3.71000E-03,+3.27889E-03,+114.98141E-03
+3.72000E-03,+9.30905E-03,+101.16231E-03
+3.73000E-03,+9.56030E-03,+103.17236E-03
+3.74000E-03,+9.56030E-03,+101.16231E-03
+3.75000E-03,+5.54020E-03,+105.18241E-03
+3.76000E-03,+9.56030E-03,+105.18241E-03
+3.77000E-03,+5.54020E-03,+86.84070E-03
+3.78000E-03,+1.52010E-03,+101.16231E-03
+3.79000E-03,-4.25879E-03,+109.20251E-03
+3.80000E-03,-2.50000E-03,+105.18241E-03
+3.81000E-03,-6.52010E-03,+110.96131E-03
+3.82000E-03,-6.52010E-03,+117.24271E-03
+3.83000E-03,-10.54020E-03,+121.26281E-03
+3.84000E-03,-10.54020E-03,+109.20251E-03
+3.85000E-03,-14.56030E-03,+101.16231E-03
+3.86000E-03,-14.30905E-03,+109.20251E-03
+3.87000E-03,-10.54020E-03,+125.28291E-03
+3.88000E-03,-14.30905E-03,+117.24271E-03
+3.89000E-03,-6.52010E-03,+105.18241E-03
+3.90000E-03,-6.52010E-03,+113.22261E-03
+3.91000E-03,-4.51005E-03,+115.23266E-03
+3.92000E-03,-2.50000E-03,+117.24271E-03
+3.93000E-03,-741.21E-06,+109.20251E-03
+3.94000E-03,+1.26884E-03,+105.18241E-03
+3.95000E-03,+9.56030E-03,+111.21256E-03
+3.96000E-03,+13.58040E-03,+121.26281E-03
+3.97000E-03,+11.57035E-03,+119.00151E-03
+3.98000E-03,+9.56030E-03,+121.26281E-03
+3.99000E-03,+7.55025E-03,+113.22261E-03
+4.00000E-03,+9.30905E-03,+109.20251E-03
+4.01000E-03,+7.55025E-03,+119.00151E-03
+4.02000E-03,+5.54020E-03,+125.28291E-03
+4.03000E-03,-2.50000E-03,+127.29296E-03
+4.04000E-03,-6.26884E-03,+129.05176E-03
+4.05000E-03,-4.51005E-03,+121.26281E-03
+4.06000E-03,-6.52010E-03,+116.99146E-03
+4.07000E-03,-16.31910E-03,+121.26281E-03
+4.08000E-03,-18.32915E-03,+116.99146E-03
+4.09000E-03,-14.56030E-03,+110.96131E-03
+4.10000E-03,-18.58040E-03,+125.28291E-03
+4.11000E-03,-14.56030E-03,+145.38342E-03
+4.12000E-03,-14.56030E-03,+141.36332E-03
+4.13000E-03,-14.56030E-03,+131.06181E-03
+4.14000E-03,-6.52010E-03,+117.24271E-03
+4.15000E-03,-2.50000E-03,+117.24271E-03
+4.16000E-03,+1.52010E-03,+105.18241E-03
+4.17000E-03,+5.54020E-03,+113.22261E-03
+4.18000E-03,+5.54020E-03,+133.07186E-03
+4.19000E-03,+11.31910E-03,+129.05176E-03
+4.20000E-03,+9.56030E-03,+117.24271E-03
+4.21000E-03,+9.56030E-03,+114.98141E-03
+4.22000E-03,+9.56030E-03,+117.24271E-03
+4.23000E-03,+9.56030E-03,+110.96131E-03
+4.24000E-03,+1.52010E-03,+108.95126E-03
+4.25000E-03,+1.52010E-03,+121.26281E-03
+4.26000E-03,+5.28894E-03,+129.05176E-03
+4.27000E-03,-2.50000E-03,+127.04171E-03
+4.28000E-03,-10.28894E-03,+125.28291E-03
+4.29000E-03,-8.27889E-03,+119.25276E-03
+4.30000E-03,-6.52010E-03,+109.20251E-03
+4.31000E-03,-14.56030E-03,+125.03166E-03
+4.32000E-03,-14.56030E-03,+121.26281E-03
+4.33000E-03,-14.56030E-03,+127.29296E-03
+4.34000E-03,-10.54020E-03,+117.24271E-03
+4.35000E-03,-6.52010E-03,+102.92110E-03
+4.36000E-03,-6.52010E-03,+117.24271E-03
+4.37000E-03,-8.53015E-03,+114.98141E-03
+4.38000E-03,-2.50000E-03,+113.22261E-03
+4.39000E-03,+1.52010E-03,+127.29296E-03
+4.40000E-03,+1.52010E-03,+125.28291E-03
+4.41000E-03,-2.50000E-03,+131.06181E-03
+4.42000E-03,+9.30905E-03,+116.99146E-03
+4.43000E-03,+13.58040E-03,+119.00151E-03
+4.44000E-03,+5.54020E-03,+117.24271E-03
+4.45000E-03,+9.56030E-03,+109.20251E-03
+4.46000E-03,+9.56030E-03,+105.18241E-03
+4.47000E-03,+5.54020E-03,+123.02161E-03
+4.48000E-03,+5.54020E-03,+133.32311E-03
+4.49000E-03,+1.52010E-03,+114.98141E-03
+4.50000E-03,-2.50000E-03,+121.01156E-03
+4.51000E-03,-6.52010E-03,+129.30301E-03
+4.52000E-03,-14.30905E-03,+121.01156E-03
+4.53000E-03,-8.27889E-03,+96.89095E-03
+4.54000E-03,-10.54020E-03,+117.24271E-03
+4.55000E-03,-6.52010E-03,+102.92110E-03
+4.56000E-03,-10.28894E-03,+109.20251E-03
+4.57000E-03,-8.53015E-03,+89.10201E-03
+4.58000E-03,-6.52010E-03,+101.16231E-03
+4.59000E-03,-8.27889E-03,+105.18241E-03
+4.60000E-03,-10.28894E-03,+108.95126E-03
+4.61000E-03,-6.52010E-03,+115.23266E-03
+4.62000E-03,-2.50000E-03,+109.20251E-03
+4.63000E-03,+3.27889E-03,+105.18241E-03
+4.64000E-03,+1.52010E-03,+104.93115E-03
+4.65000E-03,+5.54020E-03,+106.94121E-03
+4.66000E-03,+1.52010E-03,+112.97136E-03
+4.67000E-03,+5.54020E-03,+119.25276E-03
+4.68000E-03,+9.56030E-03,+121.26281E-03
+4.69000E-03,+5.54020E-03,+97.14221E-03
+4.70000E-03,+5.54020E-03,+105.18241E-03
+4.71000E-03,+3.27889E-03,+113.22261E-03
+4.72000E-03,+1.52010E-03,+125.28291E-03
+4.73000E-03,-741.21E-06,+125.28291E-03
+4.74000E-03,-6.26884E-03,+129.30301E-03
+4.75000E-03,-4.25879E-03,+121.26281E-03
+4.76000E-03,-10.54020E-03,+129.30301E-03
+4.77000E-03,-14.56030E-03,+127.29296E-03
+4.78000E-03,-14.56030E-03,+125.03166E-03
+4.79000E-03,-14.56030E-03,+125.28291E-03
+4.80000E-03,-14.56030E-03,+117.24271E-03
+4.81000E-03,-14.56030E-03,+139.10201E-03
+4.82000E-03,-10.54020E-03,+129.30301E-03
+4.83000E-03,-6.52010E-03,+105.18241E-03
+4.84000E-03,-2.50000E-03,+113.22261E-03
+4.85000E-03,-489.95E-06,+125.28291E-03
+4.86000E-03,-2.50000E-03,+121.26281E-03
+4.87000E-03,+3.27889E-03,+113.22261E-03
+4.88000E-03,+9.56030E-03,+125.03166E-03
+4.89000E-03,+9.56030E-03,+117.24271E-03
+4.90000E-03,+9.56030E-03,+113.22261E-03
+4.91000E-03,+9.56030E-03,+113.22261E-03
+4.92000E-03,+1.52010E-03,+93.12211E-03
+4.93000E-03,+1.52010E-03,+111.21256E-03
+4.94000E-03,+1.52010E-03,+96.89095E-03
+4.95000E-03,+1.52010E-03,+97.14221E-03
+4.96000E-03,-2.50000E-03,+109.20251E-03
+4.97000E-03,-4.51005E-03,+104.93115E-03
+4.98000E-03,-10.54020E-03,+113.22261E-03
+4.99000E-03,-6.52010E-03,+125.28291E-03
+5.00000E-03,-10.54020E-03,+112.97136E-03
+5.01000E-03,-14.56030E-03,+129.30301E-03
+5.02000E-03,-10.54020E-03,+109.20251E-03
+5.03000E-03,-12.55025E-03,+127.29296E-03
+5.04000E-03,-10.54020E-03,+113.22261E-03
+5.05000E-03,-8.53015E-03,+99.15226E-03
+5.06000E-03,-10.54020E-03,+109.20251E-03
+5.07000E-03,-2.50000E-03,+100.91105E-03
+5.08000E-03,-6.26884E-03,+97.14221E-03
+5.09000E-03,-6.52010E-03,+111.21256E-03
+5.10000E-03,+1.52010E-03,+113.22261E-03
+5.11000E-03,+9.56030E-03,+125.28291E-03
+5.12000E-03,+9.56030E-03,+125.03166E-03
+5.13000E-03,+9.56030E-03,+131.31306E-03
+5.14000E-03,+5.54020E-03,+113.22261E-03
+5.15000E-03,+1.52010E-03,+111.21256E-03
+5.16000E-03,+5.54020E-03,+97.14221E-03
+5.17000E-03,+1.52010E-03,+102.92110E-03
+5.18000E-03,-2.50000E-03,+109.20251E-03
+5.19000E-03,-2.50000E-03,+111.21256E-03
+5.20000E-03,+1.26884E-03,+97.14221E-03
+5.21000E-03,-2.50000E-03,+99.15226E-03
+5.22000E-03,-6.52010E-03,+113.22261E-03
+5.23000E-03,-10.54020E-03,+109.20251E-03
+5.24000E-03,-10.28894E-03,+100.91105E-03
+5.25000E-03,-12.29899E-03,+117.24271E-03
+5.26000E-03,-14.30905E-03,+109.20251E-03
+5.27000E-03,-8.53015E-03,+111.21256E-03
+5.28000E-03,-14.30905E-03,+116.99146E-03
+5.29000E-03,-8.53015E-03,+109.20251E-03
+5.30000E-03,-6.26884E-03,+108.95126E-03
+5.31000E-03,-6.52010E-03,+107.19246E-03
+5.32000E-03,-2.50000E-03,+116.99146E-03
+5.33000E-03,+1.52010E-03,+101.16231E-03
+5.34000E-03,+1.52010E-03,+105.18241E-03
+5.35000E-03,+7.29899E-03,+125.28291E-03
+5.36000E-03,+9.30905E-03,+125.03166E-03
+5.37000E-03,+9.56030E-03,+119.25276E-03
+5.38000E-03,+5.28894E-03,+121.01156E-03
+5.39000E-03,+9.56030E-03,+127.04171E-03
+5.40000E-03,+5.54020E-03,+133.07186E-03
+5.41000E-03,-489.95E-06,+127.04171E-03
+5.42000E-03,+1.52010E-03,+121.26281E-03
+5.43000E-03,+5.54020E-03,+113.22261E-03
+5.44000E-03,-6.52010E-03,+109.20251E-03
+5.45000E-03,-2.50000E-03,+102.92110E-03
+5.46000E-03,-10.54020E-03,+116.99146E-03
+5.47000E-03,-12.55025E-03,+111.21256E-03
+5.48000E-03,-10.54020E-03,+100.91105E-03
+5.49000E-03,-14.56030E-03,+114.98141E-03
+5.50000E-03,-14.56030E-03,+109.20251E-03
+5.51000E-03,-8.53015E-03,+105.18241E-03
+5.52000E-03,-10.54020E-03,+125.03166E-03
+5.53000E-03,-6.52010E-03,+121.26281E-03
+5.54000E-03,-6.52010E-03,+125.03166E-03
+5.55000E-03,-2.50000E-03,+103.17236E-03
+5.56000E-03,+1.52010E-03,+105.18241E-03
+5.57000E-03,+1.52010E-03,+117.24271E-03
+5.58000E-03,+1.52010E-03,+109.20251E-03
+5.59000E-03,+9.56030E-03,+119.25276E-03
+5.60000E-03,+5.54020E-03,+117.24271E-03
+5.61000E-03,+7.55025E-03,+110.96131E-03
+5.62000E-03,+1.52010E-03,+116.99146E-03
+5.63000E-03,+1.52010E-03,+114.98141E-03
+5.64000E-03,+5.28894E-03,+104.93115E-03
+5.65000E-03,+3.53015E-03,+97.14221E-03
+5.66000E-03,+1.52010E-03,+93.12211E-03
+5.67000E-03,-4.25879E-03,+100.91105E-03
+5.68000E-03,-10.28894E-03,+101.16231E-03
+5.69000E-03,-12.55025E-03,+113.22261E-03
+5.70000E-03,-14.56030E-03,+117.24271E-03
+5.71000E-03,-8.53015E-03,+101.16231E-03
+5.72000E-03,-14.30905E-03,+104.93115E-03
+5.73000E-03,-8.27889E-03,+90.86080E-03
+5.74000E-03,-2.50000E-03,+108.95126E-03
+5.75000E-03,-8.53015E-03,+105.18241E-03
+5.76000E-03,-6.52010E-03,+116.99146E-03
+5.77000E-03,-4.51005E-03,+100.91105E-03
+5.78000E-03,-2.50000E-03,+121.01156E-03
+5.79000E-03,-489.95E-06,+121.26281E-03
+5.80000E-03,+1.26884E-03,+129.30301E-03
+5.81000E-03,+1.52010E-03,+105.18241E-03
+5.82000E-03,+1.26884E-03,+129.05176E-03
+5.83000E-03,+1.52010E-03,+109.20251E-03
+5.84000E-03,+5.54020E-03,+113.22261E-03
+5.85000E-03,+1.52010E-03,+117.24271E-03
+5.86000E-03,+5.28894E-03,+117.24271E-03
+5.87000E-03,+1.52010E-03,+105.18241E-03
+5.88000E-03,+1.52010E-03,+116.99146E-03
+5.89000E-03,-489.95E-06,+97.14221E-03
+5.90000E-03,-2.50000E-03,+121.01156E-03
+5.91000E-03,-6.52010E-03,+107.19246E-03
+5.92000E-03,-6.52010E-03,+93.12211E-03
+5.93000E-03,-8.53015E-03,+119.00151E-03
+5.94000E-03,-10.54020E-03,+105.18241E-03
+5.95000E-03,-14.56030E-03,+117.24271E-03
+5.96000E-03,-14.56030E-03,+101.16231E-03
+5.97000E-03,-6.52010E-03,+119.25276E-03
+5.98000E-03,-2.50000E-03,+101.16231E-03
+5.99000E-03,-4.51005E-03,+93.12211E-03
+6.00000E-03,-6.26884E-03,+97.14221E-03
+6.01000E-03,-741.21E-06,+110.96131E-03
+6.02000E-03,+5.28894E-03,+117.24271E-03
+6.03000E-03,+5.54020E-03,+105.18241E-03
+6.04000E-03,+5.28894E-03,+116.99146E-03
+6.05000E-03,+5.54020E-03,+109.20251E-03
+6.06000E-03,+9.30905E-03,+121.26281E-03
+6.07000E-03,+9.56030E-03,+113.22261E-03
+6.08000E-03,+5.54020E-03,+97.14221E-03
+6.09000E-03,+7.29899E-03,+95.13216E-03
+6.10000E-03,-2.50000E-03,+105.18241E-03
+6.11000E-03,-489.95E-06,+123.02161E-03
+6.12000E-03,+1.26884E-03,+113.22261E-03
+6.13000E-03,-6.52010E-03,+117.24271E-03
+6.14000E-03,-10.54020E-03,+129.30301E-03
+6.15000E-03,-8.27889E-03,+129.05176E-03
+6.16000E-03,-10.54020E-03,+117.24271E-03
+6.17000E-03,-10.54020E-03,+112.97136E-03
+6.18000E-03,-14.30905E-03,+112.97136E-03
+6.19000E-03,-10.54020E-03,+99.15226E-03
+6.20000E-03,-10.54020E-03,+112.97136E-03
+6.21000E-03,-6.52010E-03,+103.17236E-03
+6.22000E-03,-2.50000E-03,+92.87085E-03
+6.23000E-03,-6.52010E-03,+81.06181E-03
+6.24000E-03,-2.50000E-03,+116.99146E-03
+6.25000E-03,-741.21E-06,+125.28291E-03
+6.26000E-03,+5.28894E-03,+105.18241E-03
+6.27000E-03,+1.52010E-03,+94.88090E-03
+6.28000E-03,+1.52010E-03,+97.14221E-03
+6.29000E-03,+7.29899E-03,+107.19246E-03
+6.30000E-03,+5.54020E-03,+109.20251E-03
+6.31000E-03,+7.29899E-03,+99.15226E-03
+6.32000E-03,+5.54020E-03,+113.22261E-03
+6.33000E-03,+3.27889E-03,+111.21256E-03
+6.34000E-03,+1.52010E-03,+121.01156E-03
+6.35000E-03,+3.27889E-03,+109.20251E-03
+6.36000E-03,-2.50000E-03,+117.24271E-03
+6.37000E-03,-6.52010E-03,+101.16231E-03
+6.38000E-03,-6.52010E-03,+89.10201E-03
+6.39000E-03,-10.54020E-03,+105.18241E-03
+6.40000E-03,-14.30905E-03,+125.03166E-03
+6.41000E-03,-12.55025E-03,+117.24271E-03
+6.42000E-03,-10.54020E-03,+97.14221E-03
+6.43000E-03,-8.27889E-03,+100.91105E-03
+6.44000E-03,-10.28894E-03,+113.22261E-03
+6.45000E-03,-8.53015E-03,+121.26281E-03
+6.46000E-03,-2.50000E-03,+105.18241E-03
+6.47000E-03,-2.50000E-03,+109.20251E-03
+6.48000E-03,-2.50000E-03,+113.22261E-03
+6.49000E-03,-741.21E-06,+109.20251E-03
+6.50000E-03,+1.52010E-03,+108.95126E-03
+6.51000E-03,-489.95E-06,+95.13216E-03
+6.52000E-03,+5.54020E-03,+101.16231E-03
+6.53000E-03,+1.52010E-03,+110.96131E-03
+6.54000E-03,+9.56030E-03,+117.24271E-03
+6.55000E-03,+3.27889E-03,+113.22261E-03
+6.56000E-03,+1.52010E-03,+117.24271E-03
+6.57000E-03,+3.53015E-03,+127.29296E-03
+6.58000E-03,-2.50000E-03,+105.18241E-03
+6.59000E-03,-489.95E-06,+99.15226E-03
+6.60000E-03,-2.50000E-03,+112.97136E-03
+6.61000E-03,-6.52010E-03,+110.96131E-03
+6.62000E-03,-10.54020E-03,+109.20251E-03
+6.63000E-03,-10.54020E-03,+115.23266E-03
+6.64000E-03,-10.54020E-03,+112.97136E-03
+6.65000E-03,-6.52010E-03,+103.17236E-03
+6.66000E-03,-10.54020E-03,+108.95126E-03
+6.67000E-03,-8.27889E-03,+119.00151E-03
+6.68000E-03,-10.54020E-03,+125.03166E-03
+6.69000E-03,-4.51005E-03,+99.15226E-03
+6.70000E-03,-6.26884E-03,+97.14221E-03
+6.71000E-03,-4.51005E-03,+106.94121E-03
+6.72000E-03,+1.26884E-03,+112.97136E-03
+6.73000E-03,+3.53015E-03,+105.18241E-03
+6.74000E-03,+1.52010E-03,+97.14221E-03
+6.75000E-03,+5.54020E-03,+98.90100E-03
+6.76000E-03,+5.54020E-03,+100.91105E-03
+6.77000E-03,+7.29899E-03,+111.21256E-03
+6.78000E-03,+5.28894E-03,+109.20251E-03
+6.79000E-03,-741.21E-06,+102.92110E-03
+6.80000E-03,-2.50000E-03,+97.14221E-03
+6.81000E-03,-489.95E-06,+103.17236E-03
+6.82000E-03,-2.50000E-03,+97.14221E-03
+6.83000E-03,-6.52010E-03,+101.16231E-03
+6.84000E-03,-10.28894E-03,+96.89095E-03
+6.85000E-03,-10.54020E-03,+101.16231E-03
+6.86000E-03,-10.28894E-03,+97.14221E-03
+6.87000E-03,-12.29899E-03,+107.19246E-03
+6.88000E-03,-10.54020E-03,+113.22261E-03
+6.89000E-03,-14.56030E-03,+106.94121E-03
+6.90000E-03,-10.54020E-03,+104.93115E-03
+6.91000E-03,-8.27889E-03,+123.02161E-03
+6.92000E-03,-6.52010E-03,+137.09196E-03
+6.93000E-03,-4.51005E-03,+110.96131E-03
+6.94000E-03,-6.52010E-03,+117.24271E-03
+6.95000E-03,+3.27889E-03,+113.22261E-03
+6.96000E-03,+1.52010E-03,+101.16231E-03
+6.97000E-03,+1.52010E-03,+109.20251E-03
+6.98000E-03,+5.28894E-03,+129.30301E-03
+6.99000E-03,+1.52010E-03,+119.25276E-03
+7.00000E-03,+5.28894E-03,+101.16231E-03
+7.01000E-03,+5.54020E-03,+93.12211E-03
+7.02000E-03,+5.28894E-03,+89.10201E-03
+7.03000E-03,+1.52010E-03,+102.92110E-03
+7.04000E-03,+1.26884E-03,+101.16231E-03
+7.05000E-03,-489.95E-06,+101.16231E-03
+7.06000E-03,-2.50000E-03,+89.10201E-03
+7.07000E-03,-4.25879E-03,+100.91105E-03
+7.08000E-03,-6.52010E-03,+97.14221E-03
+7.09000E-03,-6.52010E-03,+106.94121E-03
+7.10000E-03,-10.28894E-03,+97.14221E-03
+7.11000E-03,-10.54020E-03,+101.16231E-03
+7.12000E-03,-6.52010E-03,+96.89095E-03
+7.13000E-03,-6.52010E-03,+109.20251E-03
+7.14000E-03,-6.52010E-03,+113.22261E-03
+7.15000E-03,-4.51005E-03,+102.92110E-03
+7.16000E-03,-2.50000E-03,+93.12211E-03
+7.17000E-03,-6.52010E-03,+97.14221E-03
+7.18000E-03,-2.50000E-03,+105.18241E-03
+7.19000E-03,-741.21E-06,+98.90100E-03
+7.20000E-03,+5.28894E-03,+101.16231E-03
+7.21000E-03,+1.52010E-03,+101.16231E-03
+7.22000E-03,+9.30905E-03,+92.87085E-03
+7.23000E-03,+1.52010E-03,+99.15226E-03
+7.24000E-03,+5.54020E-03,+101.16231E-03
+7.25000E-03,+5.54020E-03,+114.98141E-03
+7.26000E-03,+5.28894E-03,+93.12211E-03
+7.27000E-03,+7.29899E-03,+109.20251E-03
+7.28000E-03,+1.52010E-03,+117.24271E-03
+7.29000E-03,-4.51005E-03,+113.22261E-03
+7.30000E-03,-6.52010E-03,+101.16231E-03
+7.31000E-03,-4.25879E-03,+100.91105E-03
+7.32000E-03,-6.52010E-03,+101.16231E-03
+7.33000E-03,-10.54020E-03,+94.88090E-03
+7.34000E-03,-6.52010E-03,+104.93115E-03
+7.35000E-03,-8.27889E-03,+117.24271E-03
+7.36000E-03,-6.52010E-03,+105.18241E-03
+7.37000E-03,-4.25879E-03,+109.20251E-03
+7.38000E-03,-10.28894E-03,+108.95126E-03
+7.39000E-03,-2.50000E-03,+105.18241E-03
+7.40000E-03,-6.52010E-03,+93.12211E-03
+7.41000E-03,-8.53015E-03,+99.15226E-03
+7.42000E-03,+1.26884E-03,+96.89095E-03
+7.43000E-03,+3.27889E-03,+103.17236E-03
+7.44000E-03,+1.52010E-03,+112.97136E-03
+7.45000E-03,+1.52010E-03,+101.16231E-03
+7.46000E-03,+1.52010E-03,+101.16231E-03
+7.47000E-03,+5.54020E-03,+114.98141E-03
+7.48000E-03,+1.52010E-03,+113.22261E-03
+7.49000E-03,+1.52010E-03,+98.90100E-03
+7.50000E-03,-2.50000E-03,+88.85075E-03
+7.51000E-03,-2.50000E-03,+85.08191E-03
+7.52000E-03,-2.50000E-03,+97.14221E-03
+7.53000E-03,-6.52010E-03,+97.14221E-03
+7.54000E-03,-10.28894E-03,+89.10201E-03
+7.55000E-03,-12.29899E-03,+105.18241E-03
+7.56000E-03,-6.52010E-03,+97.14221E-03
+7.57000E-03,-6.52010E-03,+109.20251E-03
+7.58000E-03,-10.28894E-03,+105.18241E-03
+7.59000E-03,-8.27889E-03,+105.18241E-03
+7.60000E-03,-6.26884E-03,+104.93115E-03
+7.61000E-03,-6.52010E-03,+98.90100E-03
+7.62000E-03,-6.52010E-03,+112.97136E-03
+7.63000E-03,-489.95E-06,+114.98141E-03
+7.64000E-03,-2.50000E-03,+112.97136E-03
+7.65000E-03,+1.26884E-03,+107.19246E-03
+7.66000E-03,+5.54020E-03,+117.24271E-03
+7.67000E-03,+3.53015E-03,+107.19246E-03
+7.68000E-03,+1.52010E-03,+100.91105E-03
+7.69000E-03,+1.52010E-03,+105.18241E-03
+7.70000E-03,+1.52010E-03,+116.99146E-03
+7.71000E-03,+5.54020E-03,+119.00151E-03
+7.72000E-03,+5.28894E-03,+109.20251E-03
+7.73000E-03,+1.52010E-03,+110.96131E-03
+7.74000E-03,+1.52010E-03,+104.93115E-03
+7.75000E-03,-2.50000E-03,+97.14221E-03
+7.76000E-03,-6.52010E-03,+97.14221E-03
+7.77000E-03,-8.27889E-03,+105.18241E-03
+7.78000E-03,-10.54020E-03,+104.93115E-03
+7.79000E-03,-2.50000E-03,+106.94121E-03
+7.80000E-03,-2.50000E-03,+97.14221E-03
+7.81000E-03,-6.52010E-03,+102.92110E-03
+7.82000E-03,-2.50000E-03,+109.20251E-03
+7.83000E-03,-6.52010E-03,+98.90100E-03
+7.84000E-03,-10.54020E-03,+116.99146E-03
+7.85000E-03,-10.54020E-03,+111.21256E-03
+7.86000E-03,-2.50000E-03,+117.24271E-03
+7.87000E-03,-4.25879E-03,+106.94121E-03
+7.88000E-03,+1.52010E-03,+89.10201E-03
+7.89000E-03,+1.52010E-03,+87.09196E-03
+7.90000E-03,+5.54020E-03,+101.16231E-03
+7.91000E-03,-489.95E-06,+113.22261E-03
+7.92000E-03,+1.52010E-03,+105.18241E-03
+7.93000E-03,+1.52010E-03,+109.20251E-03
+7.94000E-03,+1.52010E-03,+105.18241E-03
+7.95000E-03,+3.53015E-03,+111.21256E-03
+7.96000E-03,-2.50000E-03,+121.26281E-03
+7.97000E-03,-4.51005E-03,+101.16231E-03
+7.98000E-03,+1.52010E-03,+93.12211E-03
+7.99000E-03,-4.51005E-03,+106.94121E-03
+8.00000E-03,-10.28894E-03,+97.14221E-03
+8.01000E-03,-4.51005E-03,+99.15226E-03
+8.02000E-03,-6.52010E-03,+97.14221E-03
+8.03000E-03,-6.52010E-03,+106.94121E-03
+8.04000E-03,-10.54020E-03,+113.22261E-03
+8.05000E-03,-14.56030E-03,+117.24271E-03
+8.06000E-03,-6.52010E-03,+121.01156E-03
+8.07000E-03,-2.50000E-03,+111.21256E-03
+8.08000E-03,-2.50000E-03,+117.24271E-03
+8.09000E-03,-4.51005E-03,+129.30301E-03
+8.10000E-03,+1.26884E-03,+113.22261E-03
+8.11000E-03,+1.52010E-03,+105.18241E-03
+8.12000E-03,+1.52010E-03,+93.12211E-03
+8.13000E-03,+1.52010E-03,+97.14221E-03
+8.14000E-03,-2.50000E-03,+89.10201E-03
+8.15000E-03,-2.50000E-03,+94.88090E-03
+8.16000E-03,+1.52010E-03,+97.14221E-03
+8.17000E-03,+3.53015E-03,+109.20251E-03
+8.18000E-03,+1.52010E-03,+109.20251E-03
+8.19000E-03,+1.52010E-03,+97.14221E-03
+8.20000E-03,+1.52010E-03,+105.18241E-03
+8.21000E-03,-2.50000E-03,+101.16231E-03
+8.22000E-03,-6.52010E-03,+85.08191E-03
+8.23000E-03,-6.52010E-03,+99.15226E-03
+8.24000E-03,-6.52010E-03,+105.18241E-03
+8.25000E-03,-10.54020E-03,+111.21256E-03
+8.26000E-03,-10.54020E-03,+109.20251E-03
+8.27000E-03,-10.54020E-03,+104.93115E-03
+8.28000E-03,-6.52010E-03,+96.89095E-03
+8.29000E-03,-6.52010E-03,+101.16231E-03
+8.30000E-03,-6.52010E-03,+92.87085E-03
+8.31000E-03,-6.52010E-03,+101.16231E-03
+8.32000E-03,-2.50000E-03,+89.10201E-03
+8.33000E-03,+3.27889E-03,+99.15226E-03
+8.34000E-03,+1.52010E-03,+97.14221E-03
+8.35000E-03,-2.50000E-03,+105.18241E-03
+8.36000E-03,-2.50000E-03,+100.91105E-03
+8.37000E-03,+1.52010E-03,+94.88090E-03
+8.38000E-03,+1.52010E-03,+100.91105E-03
+8.39000E-03,+1.52010E-03,+107.19246E-03
+8.40000E-03,-2.50000E-03,+121.26281E-03
+8.41000E-03,+3.53015E-03,+105.18241E-03
+8.42000E-03,-2.50000E-03,+109.20251E-03
+8.43000E-03,-4.25879E-03,+101.16231E-03
+8.44000E-03,-2.50000E-03,+105.18241E-03
+8.45000E-03,-2.50000E-03,+99.15226E-03
+8.46000E-03,-2.50000E-03,+96.89095E-03
+8.47000E-03,-6.52010E-03,+95.13216E-03
+8.48000E-03,-6.52010E-03,+116.99146E-03
+8.49000E-03,-10.54020E-03,+117.24271E-03
+8.50000E-03,-10.54020E-03,+109.20251E-03
+8.51000E-03,-4.25879E-03,+107.19246E-03
+8.52000E-03,-6.52010E-03,+109.20251E-03
+8.53000E-03,-4.25879E-03,+98.90100E-03
+8.54000E-03,-6.52010E-03,+101.16231E-03
+8.55000E-03,-4.51005E-03,+99.15226E-03
+8.56000E-03,+1.52010E-03,+101.16231E-03
+8.57000E-03,+1.52010E-03,+109.20251E-03
+8.58000E-03,-2.50000E-03,+96.89095E-03
+8.59000E-03,+1.52010E-03,+93.12211E-03
+8.60000E-03,+5.28894E-03,+105.18241E-03
+8.61000E-03,+3.27889E-03,+113.22261E-03
+8.62000E-03,+5.28894E-03,+109.20251E-03
+8.63000E-03,+3.53015E-03,+97.14221E-03
+8.64000E-03,-2.50000E-03,+97.14221E-03
+8.65000E-03,-6.52010E-03,+108.95126E-03
+8.66000E-03,-6.26884E-03,+109.20251E-03
+8.67000E-03,-2.50000E-03,+111.21256E-03
+8.68000E-03,-2.50000E-03,+101.16231E-03
+8.69000E-03,-2.50000E-03,+119.00151E-03
+8.70000E-03,-6.52010E-03,+109.20251E-03
+8.71000E-03,-6.52010E-03,+106.94121E-03
+8.72000E-03,-10.54020E-03,+117.24271E-03
+8.73000E-03,-8.27889E-03,+109.20251E-03
+8.74000E-03,-6.52010E-03,+116.99146E-03
+8.75000E-03,-8.53015E-03,+105.18241E-03
+8.76000E-03,-2.50000E-03,+97.14221E-03
+8.77000E-03,-4.25879E-03,+97.14221E-03
+8.78000E-03,-2.50000E-03,+104.93115E-03
+8.79000E-03,+1.52010E-03,+98.90100E-03
+8.80000E-03,+1.52010E-03,+109.20251E-03
+8.81000E-03,+1.52010E-03,+119.00151E-03
+8.82000E-03,+1.52010E-03,+109.20251E-03
+8.83000E-03,+1.52010E-03,+107.19246E-03
+8.84000E-03,+1.52010E-03,+97.14221E-03
+8.85000E-03,+3.53015E-03,+105.18241E-03
+8.86000E-03,-2.50000E-03,+104.93115E-03
+8.87000E-03,+1.52010E-03,+98.90100E-03
+8.88000E-03,+1.52010E-03,+100.91105E-03
+8.89000E-03,+1.52010E-03,+103.17236E-03
+8.90000E-03,-6.52010E-03,+104.93115E-03
+8.91000E-03,-4.51005E-03,+93.12211E-03
+8.92000E-03,-6.52010E-03,+101.16231E-03
+8.93000E-03,-4.51005E-03,+106.94121E-03
+8.94000E-03,-6.52010E-03,+113.22261E-03
+8.95000E-03,-4.51005E-03,+109.20251E-03
+8.96000E-03,-2.50000E-03,+113.22261E-03
+8.97000E-03,-4.51005E-03,+113.22261E-03
+8.98000E-03,-6.52010E-03,+93.12211E-03
+8.99000E-03,-4.51005E-03,+110.96131E-03
+9.00000E-03,-2.50000E-03,+101.16231E-03
+9.01000E-03,-2.50000E-03,+97.14221E-03
+9.02000E-03,+1.52010E-03,+105.18241E-03
+9.03000E-03,-2.50000E-03,+102.92110E-03
+9.04000E-03,+1.52010E-03,+101.16231E-03
+9.05000E-03,-2.50000E-03,+97.14221E-03
+9.06000E-03,-6.26884E-03,+97.14221E-03
+9.07000E-03,+1.52010E-03,+101.16231E-03
+9.08000E-03,+1.52010E-03,+105.18241E-03
+9.09000E-03,+1.52010E-03,+119.00151E-03
+9.10000E-03,+1.26884E-03,+97.14221E-03
+9.11000E-03,+1.52010E-03,+97.14221E-03
+9.12000E-03,-2.50000E-03,+101.16231E-03
+9.13000E-03,-2.50000E-03,+101.16231E-03
+9.14000E-03,-2.50000E-03,+96.89095E-03
+9.15000E-03,-4.25879E-03,+96.89095E-03
+9.16000E-03,-2.50000E-03,+96.89095E-03
+9.17000E-03,-4.51005E-03,+89.10201E-03
+9.18000E-03,-6.52010E-03,+89.10201E-03
+9.19000E-03,-4.51005E-03,+95.13216E-03
+9.20000E-03,-6.52010E-03,+109.20251E-03
+9.21000E-03,-8.27889E-03,+97.14221E-03
+9.22000E-03,-6.52010E-03,+81.06181E-03
+9.23000E-03,-4.51005E-03,+105.18241E-03
+9.24000E-03,-2.50000E-03,+113.22261E-03
+9.25000E-03,-2.50000E-03,+109.20251E-03
+9.26000E-03,-2.50000E-03,+93.12211E-03
+9.27000E-03,-489.95E-06,+95.13216E-03
+9.28000E-03,+1.26884E-03,+97.14221E-03
+9.29000E-03,+3.53015E-03,+101.16231E-03
+9.30000E-03,+1.52010E-03,+105.18241E-03
+9.31000E-03,+1.52010E-03,+109.20251E-03
+9.32000E-03,+1.52010E-03,+92.87085E-03
+9.33000E-03,-4.25879E-03,+105.18241E-03
+9.34000E-03,-2.50000E-03,+96.89095E-03
+9.35000E-03,-4.25879E-03,+96.89095E-03
+9.36000E-03,-2.50000E-03,+97.14221E-03
+9.37000E-03,-6.52010E-03,+101.16231E-03
+9.38000E-03,-6.26884E-03,+112.97136E-03
+9.39000E-03,-2.50000E-03,+101.16231E-03
+9.40000E-03,-10.28894E-03,+109.20251E-03
+9.41000E-03,-6.52010E-03,+102.92110E-03
+9.42000E-03,-10.54020E-03,+97.14221E-03
+9.43000E-03,-8.27889E-03,+96.89095E-03
+9.44000E-03,-6.26884E-03,+105.18241E-03
+9.45000E-03,-8.27889E-03,+106.94121E-03
+9.46000E-03,-2.50000E-03,+97.14221E-03
+9.47000E-03,-2.50000E-03,+111.21256E-03
+9.48000E-03,+1.52010E-03,+101.16231E-03
+9.49000E-03,-4.25879E-03,+95.13216E-03
+9.50000E-03,+1.26884E-03,+92.87085E-03
+9.51000E-03,-741.21E-06,+95.13216E-03
+9.52000E-03,-2.50000E-03,+101.16231E-03
+9.53000E-03,+7.29899E-03,+105.18241E-03
+9.54000E-03,+1.52010E-03,+97.14221E-03
+9.55000E-03,+1.52010E-03,+93.12211E-03
+9.56000E-03,-2.50000E-03,+100.91105E-03
+9.57000E-03,-741.21E-06,+106.94121E-03
+9.58000E-03,-6.26884E-03,+105.18241E-03
+9.59000E-03,-489.95E-06,+88.85075E-03
+9.60000E-03,-6.26884E-03,+88.85075E-03
+9.61000E-03,-4.51005E-03,+100.91105E-03
+9.62000E-03,-6.52010E-03,+105.18241E-03
+9.63000E-03,-6.52010E-03,+95.13216E-03
+9.64000E-03,-6.52010E-03,+92.87085E-03
+9.65000E-03,-8.27889E-03,+103.17236E-03
+9.66000E-03,-6.52010E-03,+101.16231E-03
+9.67000E-03,-6.52010E-03,+105.18241E-03
+9.68000E-03,-6.52010E-03,+101.16231E-03
+9.69000E-03,-2.50000E-03,+103.17236E-03
+9.70000E-03,+1.52010E-03,+125.03166E-03
+9.71000E-03,+1.52010E-03,+105.18241E-03
+9.72000E-03,-2.50000E-03,+101.16231E-03
+9.73000E-03,-6.26884E-03,+94.88090E-03
+9.74000E-03,-2.50000E-03,+101.16231E-03
+9.75000E-03,+1.52010E-03,+97.14221E-03
+9.76000E-03,+1.52010E-03,+104.93115E-03
+9.77000E-03,+3.53015E-03,+106.94121E-03
+9.78000E-03,-2.50000E-03,+105.18241E-03
+9.79000E-03,+1.52010E-03,+98.90100E-03
+9.80000E-03,-2.50000E-03,+96.89095E-03
+9.81000E-03,-6.52010E-03,+99.15226E-03
+9.82000E-03,-6.26884E-03,+93.12211E-03
+9.83000E-03,-8.27889E-03,+95.13216E-03
+9.84000E-03,-6.52010E-03,+105.18241E-03
+9.85000E-03,-10.54020E-03,+110.96131E-03
+9.86000E-03,-6.52010E-03,+105.18241E-03
+9.87000E-03,-8.27889E-03,+102.92110E-03
+9.88000E-03,-2.50000E-03,+109.20251E-03
+9.89000E-03,-2.50000E-03,+101.16231E-03
+9.90000E-03,-2.50000E-03,+112.97136E-03
+9.91000E-03,-6.52010E-03,+97.14221E-03
+9.92000E-03,-6.52010E-03,+109.20251E-03
+9.93000E-03,-2.50000E-03,+93.12211E-03
+9.94000E-03,-6.26884E-03,+105.18241E-03
+9.95000E-03,-741.21E-06,+105.18241E-03
+9.96000E-03,+1.26884E-03,+105.18241E-03
+9.97000E-03,-2.50000E-03,+103.17236E-03
+9.98000E-03,+1.26884E-03,+96.89095E-03
+9.99000E-03,+1.52010E-03,+109.20251E-03
